sample	coverage_type	mean	stdev	max	n_reads	percentage
Af_1	primary	4.72	2.96	33	39317	25.6
Af_10	primary	8.2	4.6	39	481493	76.2
Af_100	primary	12.63	7.58	69	904630	72.3
Af_101	primary	19.56	12.09	91	1507838	74.5
Af_102	primary	9.13	5.47	47	581752	74.8
Af_103	primary	22.83	14.02	105	1759265	79.8
Af_104	primary	15.09	9.04	69	1092036	80.0
Af_106	primary	24.78	15.88	170	1920182	79.1
Af_107	primary	14.01	8.64	74	1007211	75.7
Af_108	primary	10.72	6.73	57	730426	76.1
Af_109	primary	8.7	5.9	72	538978	69.0
Af_112	primary	16.58	10.23	74	1191055	77.0
Af_113	primary	13.73	8.75	73	1024104	69.6
Af_114	primary	9.85	6.07	51	646600	75.5
Af_116	primary	13.73	8.17	71	974758	79.9
Af_117	primary	30.54	21.53	214	2479906	78.7
Af_118	primary	22.07	13.74	100	1680368	81.4
Af_119	primary	16.54	9.77	88	1209807	78.2
Af_12	primary	6.4	8.12	137	175128	38.6
Af_120	primary	30.62	21.64	147	2436566	79.7
Af_121	primary	11.23	6.74	57	773036	77.1
Af_123	primary	13.6	8.05	63	964941	79.3
Af_124	primary	22.03	13.44	99	1678829	77.5
Af_125	primary	16.31	9.9	82	1205994	77.1
Af_126	primary	9.23	5.63	48	588464	73.9
Af_128	primary	14.71	8.8	79	1055595	78.6
Af_129	primary	12.48	7.57	79	881581	75.5
Af_13	primary	11.11	6.69	61	730677	77.1
Af_130	primary	18.65	11.18	82	1386607	81.2
Af_132	primary	18.9	11.28	98	1416148	77.8
Af_133	primary	17.1	10.63	78	1268792	79.6
Af_134	primary	14.19	8.89	73	1002418	78.6
Af_135	primary	16.3	10.18	115	1185780	78.6
Af_136	primary	25.76	15.89	132	1994353	77.8
Af_137	primary	18.4	10.86	91	1362204	79.7
Af_138	primary	14.55	9.1	67	1038314	79.7
Af_14	primary	15.1	9.44	77	1044458	78.0
Af_140	primary	14.66	8.61	65	1037085	79.8
Af_141	primary	14.79	8.65	71	1060951	77.2
Af_142	primary	15.42	9.2	73	1115126	79.7
Af_143	primary	17.53	10.21	79	1303065	79.3
Af_146	primary	11.25	6.86	58	758474	76.0
Af_147	primary	14.13	8.8	119	1007755	76.8
Af_15	primary	23.41	14.66	114	1723550	80.6
Af_150	primary	9.32	5.45	43	602177	75.7
Af_152	primary	13.44	7.88	69	959621	78.8
Af_153	primary	10.33	5.89	47	700284	74.4
Af_154	primary	16.18	9.55	71	1185287	78.6
Af_155	primary	14.27	8.99	98	1026632	77.7
Af_156	primary	11.65	7.07	60	807832	77.1
Af_157	primary	7.84	4.58	40	462487	72.3
Af_158	primary	10.42	6.38	49	696656	73.8
Af_159	primary	10.84	6.46	57	739583	74.7
Af_160	primary	34.69	22.26	191	2818347	79.0
Af_161	primary	24.49	15.07	124	1908372	79.9
Af_162	primary	12.57	7.64	58	888897	78.0
Af_163	primary	15.22	9.11	69	1117817	76.7
Af_164	primary	10.33	5.96	45	691985	76.9
Af_165	primary	10.16	6.12	60	660025	70.6
Af_166	primary	31.1	19.67	156	2453926	82.6
Af_167	primary	13	7.56	59	932244	76.3
Af_169	primary	15.77	9.71	70	1154649	75.1
Af_17	primary	8.48	5.19	41	488337	74.3
Af_170	primary	14.92	9.3	72	1068773	80.0
Af_171	primary	12.39	7.41	58	862336	76.7
Af_173	primary	11.56	7.14	56	801138	71.5
Af_174	primary	10.18	6.08	57	676166	76.5
Af_175	primary	17.44	10.41	90	1295229	80.2
Af_18	primary	10.1	5.88	50	649681	77.7
Af_183	primary	16.24	10.13	78	1189431	76.6
Af_184	primary	25.45	15.7	167	1936402	79.7
Af_185	primary	13.56	7.93	77	963997	75.8
Af_186	primary	12.46	7.52	59	863168	79.7
Af_187	primary	36.43	24.22	194	2938395	81.8
Af_188	primary	10.23	5.86	52	677901	78.5
Af_189	primary	9.75	5.64	62	641405	78.3
Af_19	primary	28.79	18.77	151	2185292	78.4
Af_190	primary	11.73	6.9	82	804220	76.4
Af_191	primary	18.87	11.28	89	1391922	79.9
Af_192	primary	19.72	12.2	106	1462482	80.9
Af_193	primary	20.12	13.17	116	1517730	77.8
Af_194	primary	38.95	77.07	322	85455	62.8
Af_195	primary	76.74	77.23	819	8440765	70.6
Af_196	primary	65.12	104.09	391	84985	74.3
Af_197	primary	12.78	28.18	346	184992	32.9
Af_198	primary	30.08	19.82	157	2333294	80.4
Af_199	primary	60.82	42.86	309	5311402	80.4
Af_2	primary	13.61	8.91	111	942749	71.4
Af_20	primary	27.71	17.71	151	2079974	80.1
Af_201	primary	18.48	11.91	104	1330890	80.5
Af_202	primary	6.88	4.71	51	191439	63.1
Af_203	primary	24.89	17.2	140	1937083	80.7
Af_204	primary	46.25	33.18	264	3915991	82.0
Af_205	primary	10.33	6.74	89	678320	77.0
Af_206	primary	4.54	2.03	24	67564	47.9
Af_208	primary	5.37	2.73	29	167370	60.6
Af_209	primary	28.87	18.93	134	2327994	80.4
Af_210	primary	3.7	1.38	8	74	1.7
Af_211	primary	11.1	7.14	55	710436	79.8
Af_212	primary	4.57	1.95	19	95287	56.9
Af_213	primary	26.02	18.13	137	2013919	82.2
Af_214	primary	24.87	18.99	170	1912026	80.4
Af_215	primary	27.38	19.68	158	2133717	80.9
Af_216	primary	8.17	5.7	74	364396	69.6
Af_217	primary	3.57	1.35	16	3403	11.5
Af_218	primary	3.98	1.66	11	358	3.7
Af_219	primary	3.56	1.45	15	1661	8.0
Af_220	primary	3.65	1.54	12	350	3.6
Af_221	primary	41.24	30.25	233	3484627	81.0
Af_222	primary	3.78	1.31	19	17770	26.9
Af_223	primary	12.62	8.18	59	855014	80.6
Af_224	primary	5.19	2.5	25	148547	63.8
Af_225	primary	30.25	20.83	184	2408326	80.0
Af_227	primary	38.7	26.69	191	3176222	82.6
Af_228	primary	37.42	26.54	228	3170606	80.1
Af_230	primary	3.52	1.37	13	750	5.2
Af_231	primary	16.48	12.94	108	1157673	78.8
Af_232	primary	39.27	25.89	180	3219675	83.2
Af_233	primary	8.66	5.81	52	415240	74.1
Af_234	primary	46.23	32.19	232	4027272	81.2
Af_235	primary	24.6	16.44	122	1903108	79.9
Af_236	primary	3.53	1.29	15	4564	13.7
Af_237	primary	13	8.61	66	879513	81.0
Af_238	primary	31.83	21.99	169	2497996	81.1
Af_239	primary	26.63	18.37	193	2053292	80.1
Af_24	primary	14.8	9.19	73	1026618	74.9
Af_240	primary	47.48	32.45	227	4030160	82.8
Af_241	primary	5.26	2.74	28	147582	61.8
Af_242	primary	29.76	19.25	147	2369417	81.8
Af_244	primary	3.5	0.96	7	105	1.2
Af_246	primary	52.41	38.21	268	4560437	82.0
Af_247	primary	4.24	2.17	10	161	2.0
Af_248	primary	4.35	1.89	24	59713	47.7
Af_249	primary	15.99	10.41	90	1132139	81.1
Af_25	primary	24.22	15.19	130	1774908	81.0
Af_250	primary	22.33	15.48	116	1814715	79.4
Af_251	primary	25.05	15.9	121	1911078	82.0
Af_252	primary	28.91	17.63	138	2266029	81.5
Af_253	primary	4.24	1.99	31	54343	42.3
Af_254	primary	28.2	18.21	138	2226119	79.1
Af_255	primary	25.11	16.21	147	1939876	79.6
Af_256	primary	3.81	2.2	22	2723	10.3
Af_257	primary	3.8	1.31	18	22730	28.0
Af_258	primary	10.83	7.77	75	636194	74.9
Af_26	primary	19.32	11.84	102	1402412	78.8
Af_260	primary	4.83	2.1	18	127897	62.6
Af_261	primary	10.27	6.81	53	606610	77.5
Af_263	primary	32.68	21.93	171	2616443	82.5
Af_265	primary	22.89	14.23	128	1739268	81.0
Af_266	primary	32.48	20.29	207	2561647	81.4
Af_267	primary	20.15	12.31	134	1507305	81.1
Af_268	primary	6.11	3.54	46	213123	68.7
Af_27	primary	20.62	13.01	110	1503272	78.7
Af_270	primary	49.23	34.78	279	4219973	77.9
Af_271	primary	8.55	5.9	50	411403	73.7
Af_272	primary	5.44	2.53	21	199840	69.4
Af_273	primary	13.49	8.97	76	921505	77.5
Af_274	primary	37.91	25.2	190	3030052	83.6
Af_275	primary	41.96	27.74	223	3330464	82.5
Af_277	primary	15.57	10.47	88	1084199	78.4
Af_278	primary	42.04	26.59	226	3445121	82.2
Af_279	primary	27.8	18.37	130	2190092	82.7
Af_280	primary	15.99	11.51	108	1101445	76.3
Af_281	primary	8.13	5.18	58	404773	74.1
Af_282	primary	3.49	1.27	11	373	3.7
Af_283	primary	26.96	17.49	143	2057544	82.2
Af_284	primary	6.24	3.24	25	258663	73.2
Af_285	primary	17.78	11.43	99	1312169	82.0
Af_286	primary	26.16	16.92	194	2039009	80.2
Af_287	primary	47.03	31.24	256	3926130	81.7
Af_288	primary	39.64	24.41	216	3201058	82.4
Af_289	primary	14.94	10.02	84	1106452	79.8
Af_29	primary	16.51	10.62	100	1164645	78.8
Af_290	primary	35.15	23.8	185	2830690	81.2
Af_291	primary	39.8	29.06	287	3236875	80.2
Af_292	primary	28.31	18.58	127	2197006	81.9
Af_293	primary	49.49	35.05	346	4238969	79.9
Af_294	primary	30.64	19.28	161	2433557	81.0
Af_295	primary	13.02	8.05	63	886925	80.0
Af_296	primary	5.03	2.3	22	147363	63.9
Af_297	primary	13.6	8.18	71	999454	80.7
Af_298	primary	17.18	11.68	104	1430347	77.7
Af_299	primary	22.92	14.67	112	1785211	81.1
Af_3	primary	8.15	5.11	45	444008	65.3
Af_30	primary	4.62	2.24	38	119541	49.0
Af_300	primary	19.97	12.67	96	1531892	79.2
Af_301	primary	15.53	9.9	87	1147416	79.8
Af_302	primary	22.21	14.38	105	1759345	80.1
Af_303	primary	39.4	27.23	279	3275940	79.7
Af_304	primary	3.6	1.41	13	1237	6.0
Af_305	primary	3.54	1.24	9	421	3.5
Af_306	primary	3.67	0.94	5	22	0.6
Af_307	primary	3.92	1.75	9	47	1.0
Af_308	primary	19.86	12.89	138	1511499	81.1
Af_31	primary	29.08	19.2	161	2222115	79.7
Af_310	primary	58.1	58.51	1334	5356548	73.9
Af_311	primary	32.46	21.75	158	2575162	82.8
Af_312	primary	16.04	10.25	111	1136495	78.6
Af_313	primary	18.85	12.37	99	1409802	79.9
Af_315	primary	21.47	14.21	129	1644615	80.0
Af_316	primary	24.7	16.15	129	1891527	82.1
Af_317	primary	16.24	10.1	78	1180837	79.7
Af_318	primary	12.61	7.51	60	894806	80.3
Af_32	primary	17.62	10.93	88	1255249	78.3
Af_320	primary	32.18	20.7	161	2597417	82.7
Af_321	primary	27.92	18.14	136	2217706	83.0
Af_322	primary	15	8.9	71	1122802	80.2
Af_323	primary	29.84	19.37	175	2392475	81.5
Af_324	primary	17.5	10.76	87	1324622	80.5
Af_325	primary	20.85	13.28	100	1597245	81.4
Af_326	primary	17.64	10.86	81	1294739	81.2
Af_327	primary	30.86	20.36	176	2517469	81.4
Af_329	primary	21.1	13.3	150	1645795	78.8
Af_33	primary	18.73	12.44	115	1373856	76.1
Af_331	primary	35.33	23.16	191	2899818	82.6
Af_332	primary	25.27	16.5	164	1998115	80.4
Af_333	primary	27.04	18.74	145	2138366	82.4
Af_334	primary	29.9	24.45	163	2798202	82.0
Af_335	primary	34.14	25.03	237	2769657	80.9
Af_336	primary	26.24	18.51	157	2061205	81.2
Af_337	primary	31.86	23.53	168	2587349	82.2
Af_338	primary	21.56	15.31	133	1664058	79.5
Af_34	primary	13.22	7.8	77	901137	77.7
Af_340	primary	16.41	10.87	80	1198093	78.0
Af_341	primary	25.94	18.28	131	2054183	81.4
Af_343	primary	36.37	24.18	215	3016204	80.4
Af_344	primary	23.66	15.19	141	1851109	80.1
Af_345	primary	19.35	12.21	97	1459028	82.1
Af_346	primary	30.24	19.71	144	2388979	82.2
Af_349	primary	18.67	11.96	94	1393869	81.7
Af_35	primary	17.66	12.4	146	1294506	69.6
Af_350	primary	26.81	17.58	132	2106860	81.9
Af_351	primary	29.35	19.59	149	2358067	81.6
Af_352	primary	16.25	10.32	97	1189830	80.2
Af_353	primary	21.53	13.55	108	1633888	81.8
Af_354	primary	12.55	7.48	62	882628	80.0
Af_355	primary	25.71	16.54	138	2040238	82.6
Af_356	primary	18.75	12.05	111	1426179	80.8
Af_357	primary	25.62	17.29	135	1993592	82.3
Af_358	primary	33.88	23.72	236	2684518	81.0
Af_359	primary	36.28	25.81	185	2983476	81.8
Af_36	primary	13.4	8.96	97	905269	70.2
Af_361	primary	16.73	10.84	86	1229367	77.8
Af_363	primary	31.6	22.45	181	2570366	81.3
Af_364	primary	25.44	17.23	125	1997098	82.0
Af_365	primary	23.36	15.23	115	1735823	82.7
Af_366	primary	27.9	18.65	132	2209000	82.7
Af_368	primary	37.88	26.17	263	3152154	80.4
Af_37	primary	13.29	7.9	66	885340	81.4
Af_370	primary	24.73	15.98	150	1936828	79.6
Af_371	primary	32.58	21.38	170	2614963	82.5
Af_372	primary	27.48	17.88	137	2163840	81.0
Af_374	primary	21.56	14.23	108	1649099	82.7
Af_375	primary	39.01	27.83	211	3284787	81.7
Af_376	primary	22.99	14.87	106	1768774	82.0
Af_377	primary	16.25	10.03	91	1209308	78.9
Af_378	primary	30.73	20.24	154	2455284	82.2
Af_379	primary	25.44	16.51	146	2006116	79.5
Af_38	primary	9.62	5.49	47	600901	78.6
Af_381	primary	29.38	19.24	151	2372784	79.1
Af_382	primary	20.06	13.11	98	1512400	82.3
Af_383	primary	27.08	19.99	143	2249378	80.3
Af_384	primary	33.85	25.02	211	2893748	81.0
Af_385	primary	35.47	25.54	181	3021662	82.0
Af_386	primary	22.71	16.94	123	1926143	81.5
Af_387	primary	21.78	15.45	155	1687792	79.8
Af_388	primary	31.99	25.03	201	2818818	79.5
Af_389	primary	28.47	19.96	196	2275637	80.4
Af_39	primary	19.59	12.17	122	1400399	79.1
Af_390	primary	27.39	20.84	142	2454867	81.5
Af_391	primary	18.71	11.88	92	1444217	79.6
Af_392	primary	33.04	25.37	195	2905376	81.1
Af_393	primary	5.44	2.97	31	144714	57.7
Af_394	primary	17.9	13.94	90	1300572	75.3
Af_395	primary	20.04	15.27	100	1496609	74.7
Af_396	primary	18.24	13.72	88	1360990	73.1
Af_397	primary	17.81	13.82	92	1292217	75.7
Af_398	primary	9.68	6.54	51	605275	71.4
Af_399	primary	21.45	17.01	105	1635230	72.3
Af_4	primary	12.3	7.18	71	812241	75.7
Af_40	primary	9.72	5.86	50	604479	73.7
Af_400	primary	10.97	7.72	55	726312	72.4
Af_401	primary	17.2	13.28	86	1311281	75.0
Af_402	primary	14.2	9	72	1012225	75.0
Af_403	primary	33.27	22.27	159	2661345	78.5
Af_404	primary	14.77	9.49	78	1099483	77.3
Af_405	primary	39.2	29.5	199	3240760	77.8
Af_406	primary	45.06	33.36	225	3796886	78.5
Af_407	primary	40.38	29.24	213	3320686	78.4
Af_408	primary	36.48	26.14	246	3031269	74.9
Af_409	primary	40.95	30.18	272	3427193	77.4
Af_41	primary	11.86	7.16	65	778510	78.6
Af_410	primary	44.61	33.27	251	3813246	78.0
Af_411	primary	34.61	25.04	187	2846896	76.8
Af_412	primary	32.47	22.37	163	2605957	77.7
Af_414	primary	15.52	9.58	80	1073025	74.6
Af_415	primary	32.28	21.41	157	2598684	78.1
Af_417	primary	17.43	12.27	87	1295053	76.8
Af_418	primary	24.43	17.48	119	1843091	78.5
Af_419	primary	29.93	22.19	203	2332105	77.7
Af_420	primary	21.41	14.63	106	1587588	78.8
Af_421	primary	17.87	12.45	87	1281491	78.5
Af_422	primary	26.26	19.18	174	2006511	77.3
Af_423	primary	22.24	15.84	108	1686119	72.8
Af_424	primary	20.47	14.22	97	1493451	77.9
Af_425	primary	24.71	17.7	122	1904837	78.4
Af_426	primary	14.9	9.49	70	1112267	75.4
Af_427	primary	34.03	22.26	188	2757084	77.5
Af_428	primary	24.25	15.8	112	1923830	76.1
Af_429	primary	37.73	30.37	222	3045282	78.5
Af_43	primary	15.87	9.87	73	1099764	78.4
Af_430	primary	32.87	24.28	161	2608529	79.2
Af_431	primary	42.21	32.73	238	3557874	76.3
Af_432	primary	45.23	35.06	297	3605466	78.4
Af_433	primary	19.56	13.49	95	1430527	78.7
Af_434	primary	26.53	20.48	242	2073872	76.1
Af_435	primary	22.58	16.23	113	1739262	75.6
Af_436	primary	18.98	12.8	86	1352045	78.4
Af_437	primary	22.36	15.62	111	1697918	78.9
Af_438	primary	19.3	12.34	94	1436966	76.8
Af_439	primary	21.24	13.49	98	1610246	78.6
Af_44	primary	11.69	7.1	57	754137	76.3
Af_440	primary	22.38	14.41	187	1753542	76.2
Af_441	primary	13.22	8.39	69	942711	75.3
Af_442	primary	15.32	9.7	72	1115505	75.8
Af_443	primary	13.88	8.79	105	1006364	72.1
Af_444	primary	12.83	7.88	59	909197	76.4
Af_445	primary	11.85	7.25	54	837257	75.1
Af_446	primary	16.67	10.69	89	1223105	73.7
Af_447	primary	16.86	10.68	77	1251627	74.2
Af_448	primary	11.31	6.99	73	789028	70.8
Af_449	primary	18.14	11.6	88	1353976	75.3
Af_45	primary	22.1	14.53	177	1620245	73.7
Af_450	primary	16.86	10.54	82	1248716	75.8
Af_451	primary	21.15	13.27	108	1635858	77.7
Af_452	primary	22.75	14.32	108	1799900	75.5
Af_453	primary	16.81	11.26	89	1258576	77.0
Af_454	primary	24.7	16.58	132	1934603	77.2
Af_455	primary	29.75	20.41	158	2386951	76.2
Af_456	primary	30.01	20.41	149	2368154	77.8
Af_457	primary	18.39	12.23	98	1390532	76.7
Af_458	primary	21.67	14.63	103	1687187	74.2
Af_459	primary	27.02	19.06	132	2151501	77.6
Af_46	primary	22.47	14.12	115	1667796	78.3
Af_460	primary	17.89	11.52	82	1342611	76.7
Af_461	primary	21.13	14.15	103	1628468	77.0
Af_462	primary	17.85	11.37	115	1302463	70.9
Af_463	primary	25.8	16.64	123	2054794	75.7
Af_464	primary	11.76	6.99	53	856751	76.7
Af_465	primary	14.67	9.49	71	1054881	76.7
Af_466	primary	13.71	9.07	95	975837	76.2
Af_467	primary	31.39	21.45	214	2490576	77.3
Af_468	primary	22.17	14.24	104	1677139	78.1
Af_469	primary	14.48	9.28	74	1051826	77.3
Af_470	primary	16.48	10.55	85	1217996	75.0
Af_471	primary	13.5	8.51	59	970416	74.7
Af_472	primary	21.66	14.15	100	1659593	78.0
Af_473	primary	17.61	11.22	82	1295922	78.4
Af_474	primary	20.52	13.49	100	1560530	73.9
Af_475	primary	28.7	18.78	133	2325203	77.5
Af_476	primary	22.69	14.56	103	1792184	76.1
Af_478	primary	31.62	21.39	175	2476140	76.3
Af_48	primary	25.13	16.44	128	1922332	77.2
Af_480	primary	29.09	19.09	142	2335562	77.3
Af_481	primary	27.96	18.97	137	2256103	76.0
Af_483	primary	26.4	17.95	156	2121865	74.5
Af_484	primary	24.85	16.2	122	1951759	77.4
Af_485	primary	28.43	18.79	150	2271204	77.5
Af_486	primary	25.5	17.19	127	1973957	74.1
Af_487	primary	35.07	23.02	166	2797973	76.0
Af_488	primary	22.65	14.43	119	1786155	76.3
Af_49	primary	20.46	12.51	103	1464231	81.3
Af_490	primary	24.93	15.9	125	1893360	81.9
Af_491	primary	21.48	13.36	102	1622225	82.1
Af_492	primary	19.54	11.99	88	1452620	82.0
Af_493	primary	21.45	13.52	104	1619787	79.1
Af_494	primary	20.16	13.1	166	1489263	78.3
Af_495	primary	19.72	12.39	97	1478589	82.0
Af_496	primary	22.45	14.06	109	1673818	81.0
Af_497	primary	16.09	9.99	90	1182128	79.0
Af_498	primary	19.56	12.03	92	1464577	82.0
Af_5	primary	8.82	5.16	46	536303	76.6
Af_50	primary	10.36	5.97	48	666792	76.3
Af_500	primary	32.27	20.88	154	2601650	82.0
Af_502	primary	33.34	21.22	157	2657732	81.9
Af_503	primary	30.61	19.38	144	2461477	78.7
Af_504	primary	23.92	14.57	109	1838221	81.6
Af_505	primary	18.77	11.48	94	1413993	81.0
Af_506	primary	29.72	19.33	179	2391400	79.0
Af_507	primary	26.85	17.3	226	2106490	79.5
Af_508	primary	20.36	12.31	108	1532762	80.1
Af_509	primary	21.12	12.8	96	1610091	80.7
Af_51	primary	19.11	11.39	93	1363229	79.5
Af_510	primary	12.96	7.81	88	922174	78.5
Af_511	primary	36.87	23.73	178	2992804	82.4
Af_512	primary	33.16	22.33	152	2696291	80.7
Af_513	primary	20.14	12.39	94	1511064	83.3
Af_514	primary	41.48	27.36	248	3330466	82.1
Af_516	primary	26.1	16	126	2038483	82.6
Af_517	primary	28.43	17.59	139	2208416	83.5
Af_518	primary	16.52	10.06	89	1225557	81.7
Af_519	primary	19.13	11.81	118	1420499	81.8
Af_520	primary	17.35	10.43	86	1287431	82.3
Af_522	primary	18.23	10.91	87	1357360	82.7
Af_524	primary	64.69	46.38	371	5743298	82.3
Af_525	primary	49.28	32.83	242	4148415	82.9
Af_526	primary	31.9	20.95	153	2502075	83.8
Af_528	primary	31.05	19.84	144	2406092	83.2
Af_529	primary	25.76	16.37	124	1981908	83.3
Af_53	primary	16.68	10.36	84	1172758	80.1
Af_530	primary	29.48	19.96	156	2324374	83.5
Af_531	primary	21.7	13.9	108	1637440	83.2
Af_532	primary	30.06	21.33	163	2379605	82.7
Af_533	primary	24.71	15.52	119	1905666	83.5
Af_534	primary	26.88	17.08	153	2087438	82.2
Af_535	primary	21.44	12.85	104	1636061	82.1
Af_536	primary	50.07	33.78	262	4263410	83.0
Af_537	primary	46.84	30.79	230	3929233	83.5
Af_538	primary	16.54	10.06	77	1205652	82.5
Af_54	primary	13.03	7.51	63	884315	78.9
Af_540	primary	16.23	9.69	73	1177936	82.7
Af_541	primary	22.78	14.34	129	1725368	81.6
Af_542	primary	18.97	11.91	93	1410220	81.9
Af_544	primary	18.88	11.54	91	1380921	81.9
Af_545	primary	14.82	8.8	69	1064959	82.0
Af_546	primary	11.67	6.75	57	811804	80.9
Af_548	primary	7.71	4.72	42	416361	75.5
Af_549	primary	6.05	3.23	25	278434	72.2
Af_55	primary	22.6	14.12	110	1656128	80.2
Af_553	primary	33.12	21.37	157	2621632	82.5
Af_554	primary	26.76	17.12	131	2079844	83.1
Af_555	primary	11.77	6.99	51	822277	80.7
Af_556	primary	17.33	12.73	119	1331376	79.2
Af_557	primary	19.03	11.85	106	1428380	78.6
Af_558	primary	25.38	16.73	214	1980494	78.9
Af_559	primary	12.7	7.65	60	907768	77.0
Af_56	primary	15.36	9.63	93	1069083	77.2
Af_562	primary	22.98	14.94	162	1740592	79.4
Af_563	primary	24.04	15.13	116	1828893	83.2
Af_564	primary	25.25	15.89	120	1947871	81.8
Af_565	primary	30.51	19.61	168	2380097	81.5
Af_566	primary	30	19.75	204	2386642	80.9
Af_567	primary	16.16	10.33	110	1159191	77.6
Af_568	primary	19.2	12.34	132	1459269	76.1
Af_572	primary	31.97	24.89	217	3002669	79.1
Af_573	primary	27.64	19.07	131	2227749	80.9
Af_574	primary	26.54	17.84	132	2098712	81.6
Af_575	primary	28.52	19.17	156	2228889	81.3
Af_576	primary	38.11	26.19	234	3115497	81.5
Af_577	primary	36.01	23.94	171	2926507	82.2
Af_578	primary	41.35	29.95	286	3492036	78.6
Af_58	primary	10.36	6.26	59	669422	74.3
Af_580	primary	4.31	1.78	20	73356	40.9
Af_581	primary	37.87	25.22	179	3051127	82.7
Af_582	primary	32.34	21.31	149	2601313	81.2
Af_583	primary	13.46	8.3	62	1002663	78.1
Af_584	primary	37.48	26.74	185	3260263	80.9
Af_585	primary	3.79	1.38	18	23243	30.9
Af_586	primary	8.12	4.49	43	512354	78.1
Af_587	primary	13.27	8.96	69	915734	78.8
Af_588	primary	11.83	7.62	78	813104	76.9
Af_589	primary	15.59	10.42	104	1123645	79.6
Af_59	primary	10.58	7.12	98	686557	68.0
Af_590	primary	19.78	13.39	124	1482522	78.9
Af_591	primary	15.99	10.85	102	1151193	80.0
Af_592	primary	11.06	6.95	55	747648	72.4
Af_595	primary	29.11	18.51	155	2349611	81.6
Af_596	primary	24.92	18.25	228	1952823	80.1
Af_597	primary	32.99	24.55	168	2460221	83.0
Af_599	primary	17.03	10.87	81	1294612	81.9
Af_6	primary	13.67	7.81	62	943282	80.4
Af_60	primary	17.05	10.54	93	1184364	79.5
Af_600	primary	17.38	10.85	80	1336420	81.1
Af_601	primary	16.47	10.03	77	1267305	80.8
Af_602	primary	21.93	13.78	106	1737607	82.0
Af_603	primary	16.81	10.51	78	1265030	79.8
Af_607	primary	23.09	14.52	152	1827198	80.2
Af_608	primary	33.69	24.73	216	2706698	81.5
Af_609	primary	45.72	34.34	230	3529178	82.8
Af_611	primary	14.19	9.01	117	1066235	79.9
Af_612	primary	13.43	7.93	60	1015300	81.1
Af_613	primary	12.07	7.04	55	888768	81.7
Af_614	primary	15.71	9.41	72	1199856	80.0
Af_616	primary	10.55	6.21	55	753216	80.2
Af_617	primary	10.93	6.46	60	790580	78.5
Af_618	primary	60.41	42.19	316	4840763	82.2
Af_620	primary	26.54	18.43	142	2086331	81.9
Af_621	primary	44.1	32.84	230	3558141	83.4
Af_623	primary	15.55	10.03	76	1168447	81.9
Af_624	primary	26.67	18.24	193	2127342	80.4
Af_625	primary	21.88	14.25	113	1705724	82.4
Af_626	primary	13.18	8.25	72	962887	81.1
Af_627	primary	10.27	6.15	52	690104	80.3
Af_628	primary	15.15	9.58	78	1147798	78.0
Af_629	primary	79.1	63.22	399	7133864	83.0
Af_63	primary	20.48	12.72	102	1489525	79.7
Af_630	primary	15.79	9.94	77	1197612	80.8
Af_631	primary	70.5	57.26	431	6352613	80.1
Af_632	primary	23.46	13.93	109	1855013	81.1
Af_635	primary	9.95	6.17	55	646121	77.5
Af_636	primary	11.43	7.07	55	781221	80.0
Af_637	primary	12.91	8.02	69	905058	80.6
Af_638	primary	11.23	6.77	54	767398	78.2
Af_639	primary	10.34	6.34	65	688352	78.6
Af_64	primary	17.33	10.32	85	1228232	79.7
Af_640	primary	15.02	9.56	70	1092306	78.5
Af_642	primary	40.62	29.52	210	3266755	80.7
Af_643	primary	52.54	40.64	397	4429886	77.7
Af_644	primary	25.77	16.28	127	2052819	82.0
Af_646	primary	32.81	24.07	223	2554336	82.0
Af_648	primary	13.81	8.24	70	1036573	81.1
Af_649	primary	18.63	10.99	86	1454081	82.1
Af_65	primary	14.52	8.71	74	996946	79.9
Af_650	primary	13.88	8.04	73	1061768	79.7
Af_651	primary	10.19	5.78	50	694349	79.6
Af_652	primary	10.44	6.04	53	755623	78.9
Af_653	primary	13.64	7.92	62	1032696	80.3
Af_654	primary	51.97	34.82	249	4443318	81.4
Af_655	primary	75.43	54.89	364	6735026	82.6
Af_656	primary	22.17	13.42	116	1750344	79.0
Af_657	primary	31.44	22.17	149	2512780	81.9
Af_658	primary	40.07	29.43	199	3013676	81.2
Af_659	primary	9	5.29	47	559240	79.1
Af_661	primary	14.29	8.6	63	1037674	80.5
Af_662	primary	14.37	8.68	67	1055267	82.6
Af_663	primary	11.07	6.71	60	763573	81.1
Af_664	primary	11.15	6.7	52	777444	80.5
Af_665	primary	12.45	7.71	74	893944	79.5
Af_666	primary	36.06	24.38	193	2827875	80.7
Af_667	primary	66.41	49.41	332	5726160	82.1
Af_669	primary	31.97	22.82	152	2548857	82.1
Af_67	primary	15.55	9.61	102	1082859	78.2
Af_670	primary	28.85	22.99	200	2136426	80.1
Af_671	primary	12.89	7.78	67	961631	81.1
Af_672	primary	15.39	9.23	73	1182412	80.1
Af_673	primary	18.87	11.21	83	1480028	82.0
Af_674	primary	15.06	8.8	64	1169528	79.9
Af_675	primary	11.85	7.57	57	962396	80.7
Af_676	primary	18.29	11.37	121	1464335	77.8
Af_677	primary	19.05	11.59	88	1521849	79.5
Af_678	primary	65.67	47.14	353	5848541	81.6
Af_679	primary	76.25	57.36	389	6742667	82.0
Af_68	primary	29.31	18.03	140	2191210	82.1
Af_680	primary	25.61	15.47	138	2025803	78.7
Af_681	primary	36	26.23	177	2910730	81.9
Af_682	primary	34	25.05	185	2646195	81.1
Af_69	primary	11.65	7.45	73	778881	70.2
Af_70	primary	24.98	16.13	140	1815158	78.7
Af_71	primary	23.57	15.5	176	1771806	73.8
Af_72	primary	32.94	21.86	163	2611496	79.8
Af_74	primary	13.23	7.97	65	891832	79.7
Af_75	primary	16.1	9.85	105	1110999	76.8
Af_76	primary	28.18	17.9	142	2106496	80.8
Af_77	primary	15.35	9.71	77	1067006	79.7
Af_78	primary	31.63	20.52	154	2449727	79.8
Af_8	primary	15	9.2	82	1065982	76.0
Af_80	primary	32.61	21.63	186	2499024	80.2
Af_81	primary	10.09	6.31	94	610638	71.4
Af_83	primary	26.3	16.49	135	1949830	80.0
Af_85	primary	4.27	2.83	44	68274	40.4
Af_86	primary	8.28	4.77	73	476995	74.2
Af_87	primary	20.91	13.71	117	1438645	77.5
Af_88	primary	17.31	10.18	94	1212824	78.2
Af_89	primary	9.1	5.26	47	542891	75.1
Af_9	primary	13	7.77	67	893596	77.4
Af_90	primary	23.3	14.12	109	1686845	81.5
Af_91	primary	8.2	4.57	41	446820	77.6
Af_92	primary	25.53	16.05	147	1847936	80.3
Af_93	primary	25.86	16.33	160	1949444	75.2
Af_94	primary	29.99	20.62	266	2265037	75.2
Af_95	primary	19.61	13.31	117	1408626	76.2
Af_96	primary	8.46	4.69	54	500628	74.3
Af_97	primary	12.56	9.63	172	845250	64.3
Af_99	primary	22.58	14.09	106	1703497	81.2
Af_105-180	primary	24.27	16.06	117	1925096	78.6
Af_110-149	primary	31.13	21.03	148	2537388	79.8
Af_111-550	primary	48.2	35.98	254	4178064	82.1
Af_115-262	primary	37.56	26.13	190	3211417	81.3
Af_11-84	primary	40.95	28.5	212	3292276	80.7
Af_122-328	primary	34.78	23.83	171	2897282	81.0
Af_127-319	primary	43.12	30.14	246	3752242	81.1
Af_131-168	primary	44.99	31.86	298	3897740	80.2
Af_139-172-207	primary	57.13	46.83	297	5636345	81.2
Af_144-181	primary	35.8	23.73	175	2923828	82.3
Af_145-200	primary	24.27	15.98	128	1953490	76.7
Af_148-151	primary	41.46	28.56	246	3489617	80.1
Af_16-634	primary	67.12	49.9	357	5866288	81.4
Af_176-229	primary	17.81	11.54	87	1330892	79.0
Af_177-615	primary	28.95	18.96	143	2389804	80.7
Af_178-28	primary	29.71	18.9	139	2344801	80.6
Af_179-79	primary	24.76	16.14	139	1866963	77.9
Af_182-499	primary	29.82	20.86	156	2484501	80.3
Af_21-243-62	primary	43.67	32.85	240	3699104	79.9
Af_226-57	primary	17.53	12.92	136	1284944	70.0
Af_22-660	primary	24.53	17	164	1945042	77.9
Af_23-604	primary	27.6	18.2	133	2239991	80.7
Af_245-61	primary	36.81	25.78	210	3041181	80.7
Af_259-42	primary	27.71	18.55	158	2194667	79.8
Af_264-369	primary	51.82	38.57	360	4768604	81.2
Af_269-66-73	primary	69.33	53.6	370	6533294	81.5
Af_276-339	primary	73.56	60.4	446	7184855	82.0
Af_309-380-482	primary	76.14	66.95	425	7887713	81.1
Af_314-641	primary	39.18	27.63	195	3294772	81.6
Af_330-645	primary	36.94	25.09	195	3040688	81.7
Af_342-633	primary	38.82	26.19	210	3192989	82.1
Af_347-82	primary	49.31	35.18	300	4204176	80.7
Af_348-360	primary	46.19	34.95	330	4042552	78.2
Af_373-7	primary	30.18	20.4	174	2399800	80.2
Af_413-594	primary	71.77	61.81	395	6845592	78.9
Af_416-479	primary	50.24	37.67	273	4502024	77.6
Af_477-98	primary	30.2	20.83	204	2432809	77.1
Af_47-605	primary	32.8	22.8	180	2767537	78.8
Af_489-593	primary	29.41	20.45	149	2358543	80.4
Af_501-551	primary	55.4	40.42	282	4842592	81.8
Af_523-547	primary	39.09	26.27	201	3242372	82.1
Af_527-543	primary	38.18	25.79	193	3114985	83.2
Af_539-647	primary	35.82	23.52	176	2997903	82.3
Af_552-606	primary	65.37	51.08	331	6106865	80.7
Af_560-561	primary	27.36	20.03	143	2359138	80.4
Af_570-571	primary	36.33	25.14	187	3039497	81.6
Af_619-668	primary	53.8	36.74	250	4639769	82.2
Af_1	secondary	5.52	4.16	139	43704	28.5
Af_10	secondary	10.4	5.56	114	530034	83.9
Af_100	secondary	16.27	9.04	169	979679	78.3
Af_101	secondary	25.36	14.51	237	1636544	80.9
Af_102	secondary	11.47	6.51	138	627386	80.7
Af_103	secondary	29.58	16.62	296	1901872	86.2
Af_104	secondary	19.55	10.61	150	1182554	86.6
Af_106	secondary	32.06	18.9	296	2064837	85.1
Af_107	secondary	18.02	10.33	172	1086999	81.7
Af_108	secondary	13.84	8.02	114	794710	82.8
Af_109	secondary	10.95	7.02	159	584504	74.9
Af_112	secondary	21.03	12.03	232	1288194	83.3
Af_113	secondary	17.72	10.54	168	1110303	75.4
Af_114	secondary	12.39	7.26	119	696454	81.3
Af_116	secondary	17.58	9.59	143	1050532	86.1
Af_117	secondary	39.39	25.88	404	2657305	84.3
Af_118	secondary	28.38	16.27	198	1810184	87.7
Af_119	secondary	21.42	11.45	166	1306441	84.5
Af_12	secondary	7.65	9.3	189	191189	42.1
Af_120	secondary	39.57	25.86	296	2616688	85.6
Af_121	secondary	14.27	8.01	308	833061	83.1
Af_123	secondary	17.4	9.51	225	1039828	85.5
Af_124	secondary	28.41	15.92	225	1812628	83.6
Af_125	secondary	20.98	11.77	171	1300885	83.2
Af_126	secondary	11.51	6.81	268	632760	79.4
Af_128	secondary	18.83	10.41	178	1136902	84.6
Af_129	secondary	15.93	8.99	191	946892	81.1
Af_13	secondary	14.54	8.02	118	803133	84.8
Af_130	secondary	24.01	13.19	213	1495123	87.6
Af_132	secondary	24.34	13.37	196	1526657	83.8
Af_133	secondary	21.94	12.52	215	1366886	85.7
Af_134	secondary	18.2	10.5	160	1078707	84.6
Af_135	secondary	20.84	12.04	207	1270930	84.2
Af_136	secondary	33.22	18.88	259	2147107	83.8
Af_137	secondary	23.66	12.76	210	1465173	85.8
Af_138	secondary	18.56	10.76	151	1113398	85.4
Af_14	secondary	19.47	11.22	157	1133521	84.6
Af_140	secondary	18.79	10.08	134	1119063	86.2
Af_141	secondary	19.06	10.2	157	1145628	83.4
Af_142	secondary	19.87	10.81	161	1203131	86.0
Af_143	secondary	22.68	12.09	296	1409841	85.8
Af_146	secondary	14.29	8.2	144	818981	82.1
Af_147	secondary	18.06	10.35	272	1083255	82.6
Af_15	secondary	30.43	17.65	273	1878228	87.8
Af_150	secondary	11.78	6.63	242	652444	82.0
Af_152	secondary	17.33	9.3	130	1039230	85.3
Af_153	secondary	13.23	7.07	201	760861	80.9
Af_154	secondary	20.88	11.34	145	1282111	85.0
Af_155	secondary	18.19	10.61	190	1099593	83.2
Af_156	secondary	14.76	8.36	125	865329	82.5
Af_157	secondary	9.68	5.56	182	499897	78.1
Af_158	secondary	13.2	7.73	206	753330	79.8
Af_159	secondary	13.79	7.73	186	796876	80.5
Af_160	secondary	44.81	26.31	402	3024580	84.8
Af_161	secondary	31.55	17.71	279	2045912	85.7
Af_162	secondary	15.98	9.13	293	954176	83.7
Af_163	secondary	19.55	10.84	226	1208353	82.9
Af_164	secondary	13.12	7.08	123	749076	83.2
Af_165	secondary	12.69	7.2	176	714701	76.4
Af_166	secondary	40.11	23.38	291	2634957	88.7
Af_167	secondary	16.83	8.99	186	1012880	82.9
Af_169	secondary	20.21	11.54	212	1247471	81.1
Af_17	secondary	10.68	6.3	117	535484	81.4
Af_170	secondary	19.04	10.96	150	1146643	85.8
Af_171	secondary	15.72	8.78	145	927704	82.6
Af_173	secondary	14.79	8.71	292	866033	77.3
Af_174	secondary	12.78	7.38	379	724503	81.9
Af_175	secondary	22.34	12.24	171	1392458	86.3
Af_18	secondary	13.06	7.1	139	715017	85.5
Af_183	secondary	20.95	12.13	345	1282229	82.6
Af_184	secondary	32.92	18.51	268	2083532	85.8
Af_185	secondary	17.35	9.33	190	1036210	81.5
Af_186	secondary	15.82	8.88	213	924054	85.3
Af_187	secondary	47.22	28.68	387	3151484	87.7
Af_188	secondary	12.95	6.97	236	731307	84.7
Af_189	secondary	12.35	6.65	140	689875	84.2
Af_19	secondary	37.67	22.63	300	2378248	85.3
Af_190	secondary	14.97	8.19	165	865298	82.1
Af_191	secondary	24.45	13.48	210	1509001	86.6
Af_192	secondary	25.38	14.49	213	1568913	86.8
Af_193	secondary	25.86	15.76	254	1630044	83.6
Af_194	secondary	44.13	86.09	427	92885	68.3
Af_195	secondary	100.79	93.15	1181	8964470	75.0
Af_196	secondary	78.44	119.72	658	93575	81.8
Af_197	secondary	15.23	32.16	385	204271	36.3
Af_198	secondary	38.65	23.59	316	2501400	86.2
Af_199	secondary	79.81	50.55	677	5674816	85.9
Af_2	secondary	17.6	10.55	186	1023797	77.6
Af_20	secondary	36.2	21.22	356	2260836	87.1
Af_201	secondary	23.42	13.95	210	1433246	86.7
Af_202	secondary	8.22	5.66	113	203921	67.2
Af_203	secondary	32.03	20.7	320	2091660	87.1
Af_204	secondary	60.31	39.87	660	4219983	88.4
Af_205	secondary	12.92	8.01	181	724221	82.2
Af_206	secondary	5.35	2.82	96	74848	53.0
Af_208	secondary	6.38	3.44	74	183161	66.3
Af_209	secondary	37.77	22.71	263	2538745	87.7
Af_210	secondary	4.69	2.08	9	75	1.8
Af_211	secondary	13.9	8.45	120	759937	85.3
Af_212	secondary	5.31	2.65	104	104661	62.4
Af_213	secondary	33.36	21.61	289	2157680	88.0
Af_214	secondary	31.6	22.8	322	2045645	86.0
Af_215	secondary	35.14	23.58	384	2292930	86.9
Af_216	secondary	9.93	6.81	137	387755	74.0
Af_217	secondary	4.69	5.39	94	4279	14.5
Af_218	secondary	5.76	4.71	30	501	5.1
Af_219	secondary	5.04	5.21	59	2232	10.8
Af_220	secondary	5.84	9.73	74	549	5.6
Af_221	secondary	53.44	36.7	474	3770524	87.7
Af_222	secondary	4.42	2.62	67	19831	30.0
Af_223	secondary	15.96	9.63	153	916709	86.5
Af_224	secondary	6.14	3.08	60	162433	69.8
Af_225	secondary	38.78	24.81	338	2573507	85.5
Af_227	secondary	50.15	32.22	485	3413991	88.8
Af_228	secondary	48.2	31.61	436	3395572	85.8
Af_230	secondary	5.02	7.92	105	1050	7.3
Af_231	secondary	20.87	15.72	261	1242676	84.6
Af_232	secondary	50.87	30.73	467	3467131	89.6
Af_233	secondary	10.61	6.93	94	448454	80.0
Af_234	secondary	60.43	38.45	431	4344063	87.6
Af_235	secondary	31.69	19.61	250	2037332	85.5
Af_236	secondary	4.42	4.32	69	5550	16.7
Af_237	secondary	16.46	10.31	143	942074	86.8
Af_238	secondary	40.84	26.42	440	2679331	87.0
Af_239	secondary	34.14	22	329	2202454	85.9
Af_24	secondary	18.99	10.87	148	1111230	81.1
Af_240	secondary	61.58	38.73	533	4328127	88.9
Af_241	secondary	6.16	3.43	50	159256	66.6
Af_242	secondary	38.39	22.88	340	2555500	88.3
Af_244	secondary	8.75	21.89	122	245	2.7
Af_246	secondary	68.69	45.88	576	4915055	88.3
Af_247	secondary	5.94	4.9	28	190	2.3
Af_248	secondary	5.04	2.48	45	65072	52.0
Af_249	secondary	20.35	12.36	228	1213088	86.9
Af_25	secondary	31.51	18.27	247	1929917	88.1
Af_250	secondary	29.77	18.48	280	1949398	85.3
Af_251	secondary	32.25	18.89	259	2058003	88.3
Af_252	secondary	37.33	20.78	332	2444530	88.0
Af_253	secondary	4.84	2.61	47	58288	45.4
Af_254	secondary	36.48	21.66	391	2416634	85.9
Af_255	secondary	32.43	19.23	300	2101057	86.2
Af_256	secondary	5.13	9.35	219	3434	13.0
Af_257	secondary	4.47	2.34	39	25606	31.6
Af_258	secondary	13.46	9.31	142	678622	79.9
Af_26	secondary	25.08	14.09	204	1524295	85.7
Af_260	secondary	5.65	2.67	46	140444	68.8
Af_261	secondary	12.82	8.18	183	650785	83.2
Af_263	secondary	41.84	26.11	347	2805620	88.4
Af_265	secondary	29.12	16.84	279	1851199	86.2
Af_266	secondary	41.94	24.05	426	2747842	87.3
Af_267	secondary	25.87	14.39	297	1615505	87.0
Af_268	secondary	7.26	4.23	80	228407	73.6
Af_27	secondary	27.21	15.95	243	1653674	86.6
Af_270	secondary	63.13	40.95	597	4566868	84.3
Af_271	secondary	10.51	7.16	136	442515	79.3
Af_272	secondary	6.55	3.07	45	220767	76.7
Af_273	secondary	17.01	10.69	160	984013	82.8
Af_274	secondary	48.82	30.09	452	3242079	89.5
Af_275	secondary	53.73	32.36	478	3568145	88.4
Af_277	secondary	19.61	12.4	189	1152280	83.3
Af_278	secondary	54.74	31.33	568	3706518	88.5
Af_279	secondary	35.85	21.99	332	2360329	89.2
Af_280	secondary	20.15	13.73	248	1172381	81.3
Af_281	secondary	9.98	6.2	102	435055	79.6
Af_282	secondary	5.62	8.77	84	585	5.8
Af_283	secondary	34.83	20.74	349	2211444	88.4
Af_284	secondary	7.64	3.91	60	283602	80.2
Af_285	secondary	22.8	13.57	243	1403774	87.7
Af_286	secondary	33.81	19.93	309	2183786	85.9
Af_287	secondary	61.21	37.21	529	4223499	87.9
Af_288	secondary	51.26	28.52	455	3433860	88.4
Af_289	secondary	18.9	11.96	191	1185589	85.5
Af_29	secondary	21.16	12.67	190	1257530	85.0
Af_290	secondary	45.73	28.63	373	3062808	87.8
Af_291	secondary	51.8	35.12	555	3477450	86.2
Af_292	secondary	36.44	22.07	289	2365312	88.2
Af_293	secondary	64.77	42.06	593	4563989	86.0
Af_294	secondary	39.77	22.84	281	2630824	87.6
Af_295	secondary	16.63	9.54	213	956290	86.3
Af_296	secondary	5.96	2.91	59	163187	70.8
Af_297	secondary	17.56	9.73	160	1084763	87.6
Af_298	secondary	23.6	14.12	325	1558704	84.7
Af_299	secondary	29.82	17.53	211	1941791	88.3
Af_3	secondary	10.31	6.3	160	489588	72.1
Af_30	secondary	5.48	3	82	133696	54.8
Af_300	secondary	25.94	15.34	249	1667272	86.2
Af_301	secondary	20.01	11.96	208	1242146	86.4
Af_302	secondary	28.92	17.4	247	1917445	87.3
Af_303	secondary	51.1	32.62	539	3555550	86.5
Af_304	secondary	4.68	5.9	95	1586	7.7
Af_305	secondary	4.29	2.86	22	493	4.1
Af_306	secondary	4.17	1.07	6	25	0.7
Af_307	secondary	11.7	24.44	85	117	2.4
Af_308	secondary	25.45	15.21	273	1620335	87.0
Af_31	secondary	37.97	23.42	350	2424838	87.0
Af_310	secondary	81.29	60.29	1051	5366490	74.1
Af_311	secondary	42.08	26.04	305	2778374	89.4
Af_312	secondary	20.22	12.07	197	1221405	84.5
Af_313	secondary	24.05	14.74	235	1512999	85.8
Af_315	secondary	27.64	17.04	286	1773172	86.2
Af_316	secondary	31.82	19.4	318	2039533	88.5
Af_317	secondary	20.76	12.06	164	1274443	86.0
Af_318	secondary	16.25	8.96	134	971309	87.1
Af_32	secondary	22.94	13.08	217	1369986	85.5
Af_320	secondary	41.61	24.59	390	2790334	88.9
Af_321	secondary	36.09	21.52	293	2392234	89.5
Af_322	secondary	19.27	10.49	154	1212599	86.7
Af_323	secondary	38.65	23.05	285	2580350	87.9
Af_324	secondary	22.57	12.84	178	1429005	86.8
Af_325	secondary	26.66	15.85	204	1712905	87.3
Af_326	secondary	22.28	12.79	181	1400067	87.8
Af_327	secondary	40.12	24.26	319	2719315	87.9
Af_329	secondary	27.2	15.87	282	1770804	84.8
Af_33	secondary	24.23	15.01	241	1489940	82.5
Af_331	secondary	46.02	27.47	354	3127085	89.1
Af_332	secondary	32.67	19.45	346	2150968	86.5
Af_333	secondary	34.95	22.7	305	2307146	88.9
Af_334	secondary	41.92	30.14	361	3007375	88.1
Af_335	secondary	44.52	30.28	386	2995053	87.5
Af_336	secondary	33.86	22.42	315	2221334	87.5
Af_337	secondary	41.12	28.58	365	2779964	88.3
Af_338	secondary	27.75	18.66	332	1797707	85.9
Af_34	secondary	17.12	9.31	151	983496	84.8
Af_340	secondary	21.1	13.24	191	1298492	84.5
Af_341	secondary	33.48	22.28	276	2221292	88.0
Af_343	secondary	47.18	28.75	425	3242218	86.4
Af_344	secondary	30.4	17.99	258	1988911	86.1
Af_345	secondary	24.99	14.56	217	1577395	88.7
Af_346	secondary	39.25	23.6	287	2591692	89.2
Af_349	secondary	23.99	14.33	223	1504648	88.2
Af_35	secondary	23.16	14.97	255	1407574	75.7
Af_350	secondary	34.8	21.13	303	2289298	89.0
Af_351	secondary	38.23	23.59	297	2566136	88.8
Af_352	secondary	20.95	12.42	247	1287656	86.8
Af_353	secondary	27.76	16.14	250	1767954	88.6
Af_354	secondary	16.02	8.89	130	955491	86.6
Af_355	secondary	33.02	19.48	229	2186208	88.5
Af_356	secondary	23.96	14.26	245	1529113	86.7
Af_357	secondary	33.02	20.68	276	2150013	88.7
Af_358	secondary	43.48	28.18	455	2883705	87.0
Af_359	secondary	47.37	31.26	394	3221135	88.3
Af_36	secondary	17.23	10.65	220	979940	76.0
Af_361	secondary	21.36	12.87	219	1320543	83.5
Af_363	secondary	40.78	27.16	402	2772361	87.7
Af_364	secondary	32.93	20.77	296	2162644	88.8
Af_365	secondary	29.81	18.2	278	1873972	89.3
Af_366	secondary	36.06	22.35	274	2385957	89.4
Af_368	secondary	48.87	31.35	606	3389246	86.4
Af_37	secondary	17.06	9.34	191	957830	88.0
Af_370	secondary	31.82	18.97	314	2079649	85.4
Af_371	secondary	42.01	25.39	412	2808569	88.6
Af_372	secondary	35.53	21.28	336	2331537	87.3
Af_374	secondary	27.58	17.05	267	1767355	88.7
Af_375	secondary	50.98	33.68	605	3540048	88.1
Af_376	secondary	29.67	17.68	235	1916967	88.8
Af_377	secondary	21.04	12	171	1314224	85.8
Af_378	secondary	39.59	24.17	343	2645534	88.6
Af_379	secondary	33.31	19.93	305	2189553	86.7
Af_38	secondary	12.31	6.55	117	656232	85.8
Af_381	secondary	38.25	23.2	315	2574942	85.8
Af_382	secondary	25.76	15.65	242	1630777	88.7
Af_383	secondary	36.15	24.21	334	2434094	86.9
Af_384	secondary	45.51	30.15	596	3130670	87.6
Af_385	secondary	47.46	30.64	363	3272187	88.8
Af_386	secondary	30.91	20.45	248	2073667	87.8
Af_387	secondary	27.99	18.5	277	1815976	85.8
Af_388	secondary	43.28	30.12	348	3049381	86.0
Af_389	secondary	37.2	24.03	361	2453048	86.7
Af_39	secondary	25.48	14.63	220	1521651	86.0
Af_390	secondary	37.99	25.27	355	2650687	88.0
Af_391	secondary	24.85	14.39	202	1584113	87.3
Af_392	secondary	45	30.55	353	3132700	87.5
Af_393	secondary	6.86	3.95	62	166698	66.5
Af_394	secondary	24.5	18.27	218	1500590	86.9
Af_395	secondary	27.16	19.62	233	1708238	85.3
Af_396	secondary	24.9	17.68	206	1554440	83.5
Af_397	secondary	24.14	17.93	231	1474861	86.4
Af_398	secondary	12.87	8.44	139	693623	81.9
Af_399	secondary	29.55	22.35	356	1888427	83.5
Af_4	secondary	15.67	8.35	149	884457	82.5
Af_40	secondary	12.48	7.05	109	663641	81.0
Af_400	secondary	14.91	10.08	183	843852	84.2
Af_401	secondary	23.4	17.19	267	1502735	85.9
Af_402	secondary	19.21	11.32	185	1153047	85.4
Af_403	secondary	45.14	27.52	322	2980708	87.9
Af_404	secondary	19.64	11.63	148	1227896	86.3
Af_405	secondary	53.54	36.95	410	3622474	86.9
Af_406	secondary	61.75	41.45	446	4254273	88.0
Af_407	secondary	54.72	36.31	434	3700437	87.4
Af_408	secondary	49.42	32.38	487	3371499	83.3
Af_409	secondary	55.49	37.41	513	3804069	85.9
Af_41	secondary	15.17	8.47	124	843460	85.2
Af_410	secondary	60.77	41.48	520	4249190	86.9
Af_411	secondary	47.28	31.3	363	3200838	86.3
Af_412	secondary	44.46	28.04	334	2942090	87.7
Af_414	secondary	20.64	11.68	150	1229035	85.5
Af_415	secondary	43.94	26.5	341	2914565	87.5
Af_417	secondary	23.08	15.41	193	1449609	85.9
Af_418	secondary	32.7	21.86	240	2059408	87.7
Af_419	secondary	40.15	27.66	425	2588856	86.3
Af_420	secondary	28.43	18.3	312	1770377	87.9
Af_421	secondary	23.57	15.37	182	1426906	87.4
Af_422	secondary	35.06	24.17	364	2230338	86.0
Af_423	secondary	29.82	20	282	1891868	81.7
Af_424	secondary	27.4	17.92	191	1677862	87.5
Af_425	secondary	32.98	22.08	263	2129205	87.6
Af_426	secondary	20.07	11.83	152	1262697	85.6
Af_427	secondary	45.93	27.34	424	3071417	86.3
Af_428	secondary	32.53	19.43	239	2144440	84.8
Af_429	secondary	50.82	38.4	516	3382694	87.2
Af_43	secondary	20.59	11.83	164	1198914	85.5
Af_430	secondary	44.21	30.37	350	2906725	88.3
Af_431	secondary	57.3	40.86	559	3948846	84.7
Af_432	secondary	59.94	42.88	629	3993564	86.8
Af_433	secondary	25.6	16.66	275	1587481	87.3
Af_434	secondary	35.2	25.5	473	2287191	84.0
Af_435	secondary	30.31	20.5	284	1951757	84.8
Af_436	secondary	24.91	15.69	202	1518461	88.1
Af_437	secondary	29.87	19.48	280	1892962	87.9
Af_438	secondary	26.07	15.3	302	1631477	87.2
Af_439	secondary	28.18	16.39	267	1798803	87.8
Af_44	secondary	15.1	8.47	108	825286	83.5
Af_440	secondary	29.75	17.53	346	1938426	84.2
Af_441	secondary	17.82	10.53	162	1071221	85.5
Af_442	secondary	20.88	12.15	180	1276505	86.7
Af_443	secondary	18.65	10.99	232	1136197	81.4
Af_444	secondary	17.19	9.79	149	1031398	86.7
Af_445	secondary	15.89	9.08	145	952029	85.4
Af_446	secondary	22.62	13.6	223	1396354	84.2
Af_447	secondary	23.01	13.57	236	1436087	85.1
Af_448	secondary	15.43	8.89	233	910069	81.7
Af_449	secondary	24.65	14.63	294	1546097	86.0
Af_45	secondary	28.59	17.36	417	1751078	79.6
Af_450	secondary	22.95	13.27	306	1421118	86.3
Af_451	secondary	28.2	16.24	295	1825239	86.7
Af_452	secondary	30.42	17.62	251	2000998	84.0
Af_453	secondary	22.48	13.99	176	1404722	86.0
Af_454	secondary	33.49	20.69	271	2171420	86.6
Af_455	secondary	40.03	25.42	439	2665576	85.1
Af_456	secondary	40.13	25.13	358	2631631	86.5
Af_457	secondary	24.52	15.21	261	1550808	85.6
Af_458	secondary	29.04	18.3	252	1891234	83.2
Af_459	secondary	36.59	23.85	279	2414929	87.1
Af_46	secondary	29.35	16.9	240	1818357	85.3
Af_460	secondary	24.07	14.41	276	1514911	86.6
Af_461	secondary	28.31	17.64	236	1823079	86.2
Af_462	secondary	23.99	14.26	268	1485503	80.9
Af_463	secondary	34.79	20.39	273	2298437	84.7
Af_464	secondary	15.6	8.57	162	959354	85.8
Af_465	secondary	19.35	11.7	157	1173527	85.3
Af_466	secondary	18.1	11.3	177	1084451	84.7
Af_467	secondary	42.06	26.25	426	2758027	85.6
Af_468	secondary	29.23	17.2	220	1856029	86.4
Af_469	secondary	19.02	11.4	196	1166265	85.7
Af_470	secondary	21.9	13.09	181	1360593	83.8
Af_471	secondary	17.93	10.47	137	1091086	84.0
Af_472	secondary	29.01	17.6	211	1857194	87.2
Af_473	secondary	23.16	13.61	201	1441878	87.3
Af_474	secondary	28.16	17.22	267	1793227	84.9
Af_475	secondary	39	23.23	342	2614687	87.2
Af_476	secondary	30.64	18.04	228	2013002	85.5
Af_478	secondary	41.99	26.18	385	2755448	84.9
Af_48	secondary	33	19.97	306	2097398	84.2
Af_480	secondary	38.9	23.32	296	2585876	85.6
Af_481	secondary	37.39	23.43	340	2501218	84.2
Af_483	secondary	35.51	22.27	358	2366742	83.1
Af_484	secondary	33.31	19.97	288	2178651	86.4
Af_485	secondary	38.07	23.11	384	2522310	86.1
Af_486	secondary	35.35	21.94	348	2283515	85.7
Af_487	secondary	47.24	28.22	364	3150180	85.6
Af_488	secondary	30.71	17.76	235	2003287	85.6
Af_49	secondary	26.51	14.86	255	1589145	88.2
Af_490	secondary	32.34	19.06	244	2046948	88.6
Af_491	secondary	27.87	15.9	198	1753607	88.7
Af_492	secondary	25.21	14.21	165	1571450	88.7
Af_493	secondary	27.75	16.2	221	1750401	85.5
Af_494	secondary	25.72	15.47	374	1601225	84.2
Af_495	secondary	25.49	14.91	206	1602602	88.8
Af_496	secondary	28.93	16.74	222	1810905	87.6
Af_497	secondary	20.76	11.88	188	1278618	85.4
Af_498	secondary	25.19	14.23	210	1580581	88.5
Af_5	secondary	11.14	6.15	112	584791	83.5
Af_50	secondary	13.34	7.12	107	728711	83.4
Af_500	secondary	41.75	24.8	301	2798957	88.2
Af_502	secondary	43.12	25.08	311	2854892	88.0
Af_503	secondary	39.62	23.08	318	2648278	84.6
Af_504	secondary	30.91	17.24	279	1978749	87.9
Af_505	secondary	23.98	13.39	219	1513697	86.7
Af_506	secondary	38.3	22.95	335	2558807	84.5
Af_507	secondary	34.46	20.33	410	2248159	84.9
Af_508	secondary	26.07	14.52	216	1642484	85.9
Af_509	secondary	27.14	15.08	239	1731923	86.8
Af_51	secondary	24.93	13.58	249	1490262	86.9
Af_510	secondary	16.56	9.19	180	993318	84.6
Af_511	secondary	47.89	28.03	354	3215404	88.5
Af_512	secondary	42.76	26.58	393	2906126	87.0
Af_513	secondary	25.85	14.53	195	1620536	89.3
Af_514	secondary	53.84	32.67	468	3572213	88.0
Af_516	secondary	33.78	18.85	227	2191050	88.8
Af_517	secondary	36.67	20.66	293	2368663	89.5
Af_518	secondary	21	11.78	168	1310830	87.4
Af_519	secondary	24.34	13.82	291	1521082	87.6
Af_520	secondary	22.33	12.28	190	1384695	88.5
Af_522	secondary	23.31	12.83	184	1458464	88.8
Af_524	secondary	85.63	55.2	742	6170216	88.4
Af_525	secondary	64.38	38.98	522	4472135	89.4
Af_526	secondary	41.13	25.07	296	2682950	89.8
Af_528	secondary	39.96	23.53	324	2592081	89.6
Af_529	secondary	33.15	19.54	279	2130123	89.5
Af_53	secondary	21.54	12.37	175	1276257	87.2
Af_530	secondary	38.06	23.99	338	2492260	89.5
Af_531	secondary	27.8	16.48	261	1759055	89.4
Af_532	secondary	38.82	25.63	287	2559599	88.9
Af_533	secondary	31.91	18.37	254	2048950	89.8
Af_534	secondary	34.67	20.36	349	2246302	88.5
Af_535	secondary	27.85	15.16	235	1767558	88.7
Af_536	secondary	65.25	40.04	580	4576222	89.1
Af_537	secondary	61.06	36.17	394	4224787	89.7
Af_538	secondary	21.23	12	173	1302584	89.2
Af_54	secondary	16.97	8.94	163	970552	86.6
Af_540	secondary	20.86	11.52	173	1274703	89.5
Af_541	secondary	29.36	17.13	265	1858905	87.9
Af_542	secondary	24.46	14.2	191	1521143	88.4
Af_544	secondary	24.19	13.64	184	1499238	88.9
Af_545	secondary	19	10.42	172	1152634	88.8
Af_546	secondary	14.94	7.97	126	878649	87.6
Af_548	secondary	9.42	5.62	94	448511	81.3
Af_549	secondary	7.26	3.89	77	304854	79.1
Af_55	secondary	29.48	17.05	241	1809800	87.6
Af_553	secondary	42.87	25.39	314	2813362	88.5
Af_554	secondary	34.32	20.24	373	2229399	89.1
Af_555	secondary	14.94	8.19	103	883616	86.7
Af_556	secondary	21.9	15.37	245	1425864	84.8
Af_557	secondary	24.36	13.99	233	1532426	84.3
Af_558	secondary	32.52	19.76	398	2115697	84.2
Af_559	secondary	16.26	9.08	145	981758	83.2
Af_56	secondary	20.03	11.66	191	1172265	84.7
Af_562	secondary	29.36	17.67	249	1860457	84.9
Af_563	secondary	30.81	17.81	234	1961139	89.2
Af_564	secondary	32.54	18.89	243	2092615	87.8
Af_565	secondary	39.29	23.21	374	2548203	87.3
Af_566	secondary	38.62	23.34	360	2549292	86.4
Af_567	secondary	20.11	12.02	185	1239840	83.0
Af_568	secondary	24.6	14.64	222	1561531	81.4
Af_572	secondary	40.76	30.38	454	3232608	85.2
Af_573	secondary	35.83	22.91	327	2406685	87.4
Af_574	secondary	34.27	21.32	335	2259950	87.9
Af_575	secondary	36.9	22.69	270	2396608	87.4
Af_576	secondary	50.03	31.32	424	3354310	87.7
Af_577	secondary	47.15	28.62	361	3154593	88.6
Af_578	secondary	53.29	35.73	548	3733839	84.0
Af_58	secondary	13.22	7.52	171	729288	81.0
Af_580	secondary	5.11	2.71	66	82198	45.8
Af_581	secondary	49.13	30.16	385	3286789	89.1
Af_582	secondary	41.87	25.6	316	2804454	87.6
Af_583	secondary	17.34	9.9	141	1092362	85.1
Af_584	secondary	48.51	32.15	411	3517676	87.3
Af_585	secondary	4.38	3.01	116	26070	34.6
Af_586	secondary	10.14	5.23	82	553437	84.4
Af_587	secondary	16.99	10.92	202	993449	85.4
Af_588	secondary	15.14	9.16	125	881088	83.3
Af_589	secondary	20.08	12.53	224	1213114	85.9
Af_59	secondary	13.37	8.36	161	737513	73.0
Af_590	secondary	25.65	16.29	244	1603402	85.3
Af_591	secondary	20.48	13.01	214	1238226	86.1
Af_592	secondary	14.2	8.47	153	816011	79.0
Af_595	secondary	37.92	22.17	305	2538683	88.1
Af_596	secondary	32	22.01	427	2083916	85.5
Af_597	secondary	42.01	29.5	316	2643523	89.1
Af_599	secondary	21.77	12.98	163	1389398	87.9
Af_6	secondary	17.77	9.28	170	1031690	87.9
Af_60	secondary	21.7	12.47	177	1277325	85.7
Af_600	secondary	22.27	12.96	172	1438535	87.2
Af_601	secondary	21.15	11.89	188	1361618	86.8
Af_602	secondary	28.26	16.35	228	1864739	88.0
Af_603	secondary	21.24	12.41	168	1352432	85.3
Af_607	secondary	30.03	17.5	300	1974728	86.6
Af_608	secondary	43.6	30.04	465	2898861	87.3
Af_609	secondary	58.54	40.88	413	3795151	89.0
Af_611	secondary	18.13	10.65	274	1139834	85.5
Af_612	secondary	17.18	9.31	149	1088416	86.9
Af_613	secondary	15.34	8.25	143	954589	87.7
Af_614	secondary	20.07	11.06	162	1286308	85.8
Af_616	secondary	13.39	7.35	117	810883	86.3
Af_617	secondary	13.89	7.63	140	850231	84.4
Af_618	secondary	77.17	48.97	576	5221784	88.6
Af_620	secondary	34.17	22.32	291	2238748	87.9
Af_621	secondary	57.66	40.04	461	3820833	89.5
Af_623	secondary	19.85	11.98	149	1251690	87.7
Af_624	secondary	34.33	21.91	527	2274618	86.0
Af_625	secondary	28.07	16.82	209	1826861	88.2
Af_626	secondary	16.72	9.84	168	1029789	86.7
Af_627	secondary	12.64	7.16	119	735753	85.7
Af_628	secondary	19.4	11.43	218	1230840	83.7
Af_629	secondary	106.21	76.3	732	7650414	89.0
Af_63	secondary	26.55	15.25	227	1617888	86.5
Af_630	secondary	20.29	11.87	164	1289251	87.0
Af_631	secondary	94.26	69.68	826	6817366	85.9
Af_632	secondary	30.44	16.54	216	2005221	87.7
Af_635	secondary	12.62	7.46	107	702108	84.2
Af_636	secondary	14.62	8.48	140	849927	87.1
Af_637	secondary	16.54	9.59	170	978735	87.2
Af_638	secondary	14.33	8.06	120	831308	84.8
Af_639	secondary	13.08	7.57	129	741093	84.6
Af_64	secondary	22.3	12.16	181	1329812	86.3
Af_640	secondary	19.35	11.58	169	1185102	85.1
Af_642	secondary	53.76	36.31	459	3570365	88.2
Af_643	secondary	69.78	49.96	785	4795270	84.2
Af_644	secondary	33.33	19.65	286	2208649	88.2
Af_646	secondary	42.16	29.09	424	2716490	87.2
Af_648	secondary	17.6	9.65	193	1114001	87.2
Af_649	secondary	23.89	12.92	228	1561574	88.1
Af_65	secondary	18.73	10.38	180	1082328	86.7
Af_650	secondary	17.75	9.35	160	1136101	85.2
Af_651	secondary	12.53	6.66	109	742786	85.2
Af_652	secondary	13.27	7.05	119	813551	84.9
Af_653	secondary	17.47	9.32	132	1114657	86.6
Af_654	secondary	68.63	41.84	524	4794387	87.9
Af_655	secondary	101.58	65.78	751	7254529	89.0
Af_656	secondary	28.84	16.28	251	1897905	85.7
Af_657	secondary	40.65	27.01	342	2704835	88.1
Af_658	secondary	50.77	35.05	474	3248353	87.6
Af_659	secondary	11.03	6.18	125	601615	85.1
Af_661	secondary	18.18	10.11	117	1113365	86.3
Af_662	secondary	18.27	10.27	142	1127615	88.2
Af_663	secondary	13.86	7.81	116	811233	86.2
Af_664	secondary	14.11	7.95	134	835942	86.5
Af_665	secondary	15.86	9.14	140	960102	85.4
Af_666	secondary	46.15	28.87	371	3043379	86.8
Af_667	secondary	88.2	59.86	689	6154882	88.2
Af_669	secondary	41.55	27.94	365	2750545	88.6
Af_67	secondary	20.14	11.43	231	1173813	84.8
Af_670	secondary	37.02	28.02	391	2292498	86.0
Af_671	secondary	16.37	9.16	129	1030280	86.9
Af_672	secondary	19.67	10.9	165	1271211	86.1
Af_673	secondary	24.19	13.2	201	1587314	87.9
Af_674	secondary	19.3	10.3	123	1253515	85.6
Af_675	secondary	15.86	8.91	126	1035268	86.8
Af_676	secondary	23.47	13.57	224	1568704	83.3
Af_677	secondary	24.57	13.8	184	1640040	85.7
Af_678	secondary	87.52	56.74	632	6298886	87.9
Af_679	secondary	101.49	67.93	743	7230442	88.0
Af_68	secondary	38.23	21.44	307	2374720	89.0
Af_680	secondary	33.5	18.6	257	2216166	86.1
Af_681	secondary	47.04	32.17	406	3151850	88.6
Af_682	secondary	44.31	30.71	475	2859569	87.7
Af_69	secondary	14.88	8.85	125	842768	76.0
Af_70	secondary	32.36	19.49	375	1980288	85.9
Af_71	secondary	30.42	18.49	368	1910097	79.6
Af_72	secondary	43.45	26.23	374	2837943	86.7
Af_74	secondary	17.07	9.46	146	969381	86.6
Af_75	secondary	20.88	11.8	204	1210693	83.7
Af_76	secondary	36.59	21.39	308	2277636	87.4
Af_77	secondary	19.74	11.63	157	1155219	86.3
Af_78	secondary	41.51	24.77	371	2672752	87.1
Af_8	secondary	19.7	11.09	193	1169246	83.3
Af_80	secondary	42.48	26.06	381	2707880	86.9
Af_81	secondary	12.82	7.4	135	660881	77.3
Af_83	secondary	34.06	19.72	266	2114459	86.8
Af_85	secondary	4.95	3.67	99	75318	44.6
Af_86	secondary	10.45	5.65	114	523360	81.4
Af_87	secondary	27.03	16.6	337	1553478	83.6
Af_88	secondary	22.37	12.07	194	1313869	84.7
Af_89	secondary	11.53	6.32	108	589914	81.6
Af_9	secondary	16.91	9.23	122	977097	84.6
Af_90	secondary	30.41	16.97	227	1839992	88.8
Af_91	secondary	10.38	5.5	87	488916	84.9
Af_92	secondary	33.14	19.19	277	2001237	87.0
Af_93	secondary	33.42	19.64	332	2105473	81.3
Af_94	secondary	38.84	24.85	418	2451699	81.4
Af_95	secondary	25.56	16.01	254	1530223	82.7
Af_96	secondary	10.71	5.56	116	547180	81.2
Af_97	secondary	16.22	11.55	240	919653	69.9
Af_99	secondary	29.17	16.79	246	1839269	87.7
Af_105-180	secondary	31.29	19.3	251	2080714	84.9
Af_110-149	secondary	40.29	25.36	334	2738516	86.1
Af_111-550	secondary	62.23	43.21	569	4475319	87.9
Af_115-262	secondary	48.49	31.29	400	3450696	87.4
Af_11-84	secondary	53.92	34.4	460	3578570	87.7
Af_122-328	secondary	44.86	28.74	411	3124927	87.3
Af_127-319	secondary	55.76	36.18	479	4032538	87.2
Af_131-168	secondary	58.29	38.09	527	4180654	86.0
Af_139-172-207	secondary	74.35	57.18	679	6074504	87.6
Af_144-181	secondary	46.35	28.3	370	3145431	88.5
Af_145-200	secondary	31.45	18.99	245	2096169	82.3
Af_148-151	secondary	53.82	34.45	486	3760985	86.3
Af_16-634	secondary	88.41	59.88	661	6280343	87.1
Af_176-229	secondary	22.77	13.79	189	1432182	85.0
Af_177-615	secondary	37.25	22.71	321	2562911	86.6
Af_178-28	secondary	38.68	22.73	318	2543602	87.5
Af_179-79	secondary	32.2	19.57	408	2032228	84.8
Af_182-499	secondary	38.32	24.99	350	2667387	86.2
Af_21-243-62	secondary	56.93	39.89	605	4007725	86.6
Af_226-57	secondary	22.58	15.49	258	1388270	75.7
Af_22-660	secondary	31.71	20.34	310	2095247	83.9
Af_23-604	secondary	35.77	21.87	283	2424852	87.4
Af_245-61	secondary	47.78	31.29	463	3287532	87.3
Af_259-42	secondary	35.45	22.2	289	2354479	85.6
Af_264-369	secondary	66.71	46.24	782	5097549	86.8
Af_269-66-73	secondary	91.73	65.04	858	7071738	88.2
Af_276-339	secondary	97.36	73.08	706	7706104	87.9
Af_309-380-482	secondary	102.14	82.38	805	8551206	88.0
Af_314-641	secondary	51.07	33.43	516	3559218	88.1
Af_330-645	secondary	47.99	30.29	437	3275624	88.0
Af_342-633	secondary	50.48	31.4	418	3436708	88.4
Af_347-82	secondary	64.88	42.54	575	4560651	87.6
Af_348-360	secondary	60.32	42.03	575	4342665	84.0
Af_373-7	secondary	39.13	24.6	359	2598206	86.8
Af_413-594	secondary	98.51	77.03	835	7507143	86.5
Af_416-479	secondary	68.55	46.44	516	4997367	86.1
Af_477-98	secondary	40.05	25.55	397	2677907	84.9
Af_47-605	secondary	42.66	27.74	579	2995617	85.3
Af_489-593	secondary	38.41	24.77	312	2557745	87.2
Af_501-551	secondary	72.12	48.59	620	5184491	87.6
Af_523-547	secondary	50.78	31.56	520	3503747	88.7
Af_527-543	secondary	49.2	30.92	452	3339020	89.2
Af_539-647	secondary	46.35	28.2	351	3227266	88.6
Af_552-606	secondary	86.46	62.49	820	6575009	86.9
Af_560-561	secondary	35	24.2	341	2535312	86.4
Af_570-571	secondary	47.08	30.24	465	3275820	87.9
Af_619-668	secondary	71.25	44.54	569	5038349	89.3
