Batch	minDepth	maxDepth	Size	ErrorRate	ErrorRateHom	ErrorRateHet
Batch_2	1	1	25	1e-10	1e-10	0.5
Batch_2	2	2	48	1e-10	1e-10	0.0974967
Batch_2	3	3	1778	0.0271459	0.00140629	0.5
Batch_2	4	4	3792	0.0475045	0.0127623	0.325454
Batch_2	5	5	5857	0.0589749	0.0257117	0.186719
Batch_2	6	6	7927	0.0507059	0.023884	0.142637
Batch_2	7	7	9489	0.0462377	0.0233088	0.121772
Batch_2	8	8	10987	0.0409843	0.0201232	0.103016
Batch_2	9	9	12208	0.0393284	0.0206095	0.0898119
Batch_2	10	10	13454	0.0330228	0.0178226	0.0744702
Batch_2	11	11	14490	0.031089	0.0161141	0.0693545
Batch_2	12	12	15563	0.0235842	0.0115342	0.0570093
Batch_2	13	13	16649	0.0226761	0.00951093	0.0526453
Batch_2	14	14	16940	0.0188854	0.00750772	0.0474103
Batch_2	15	15	17678	0.0163968	0.00625141	0.0402565
Batch_2	16	16	18563	0.0139546	0.00443782	0.0364522
Batch_2	17	17	18699	0.0104259	0.002336	0.0319637
Batch_2	18	18	19014	0.00856508	0.00177655	0.0261823
Batch_2	19	19	19362	0.00767503	0.00168697	0.0210494
Batch_2	20	20	19243	0.00512976	0.00091033	0.0162149
Batch_2	21	21	19579	0.00482716	0.000818128	0.0125805
Batch_2	22	22	19090	0.00339745	0.000249932	0.0098826
Batch_2	23	23	18943	0.00245948	0.000235419	0.00843907
Batch_2	24	24	18711	0.00211974	0.000405666	0.00751913
Batch_2	25	25	18438	0.0015657	0.000336374	0.00641302
Batch_2	26	26	17992	0.000789547	4.16611e-05	0.00448377
Batch_2	27	27	17726	0.00098345	0.000149523	0.00404845
Batch_2	28	28	17166	0.000560339	0.000166542	0.00276328
Batch_2	29	29	16643	0.000169892	1e-10	0.00198947
Batch_2	30	30	16263	0.000494563	1e-10	0.00131099
Batch_2	31	31	15587	0.00022492	1e-10	0.000610269
Batch_2	32	32	15166	0.000309326	0.000172058	0.00102232
Batch_2	33	33	14513	0.000178481	0.000112485	0.000631722
Batch_2	34	34	13903	0.000288104	0.000199432	0.000550934
Batch_2	35	35	13073	4.10601e-05	1e-10	0.000720902
Batch_2	36	36	12600	0.000370571	0.000144637	0.000954088
Batch_2	37	37	12219	0.000141868	1e-10	0.000341566
Batch_2	38	38	11409	1e-10	1e-10	1e-10
Batch_2	39	39	10987	5.00121e-05	1e-10	0.000601501
Batch_2	40	40	10514	1e-10	1e-10	0.000190628
Batch_2	41	41	9925	3.96547e-05	1e-10	1e-10
Batch_2	42	42	9115	0.000139461	1e-10	0.000668941
Batch_2	43	43	8790	2.68835e-05	1e-10	1e-10
Batch_2	44	44	8277	0.000124117	3.69164e-05	0.000569032
Batch_2	45	45	7625	7.80067e-05	0.000102396	1e-10
Batch_2	46	46	7189	1e-10	1e-10	1e-10
Batch_2	47	47	6769	1e-10	1e-10	1e-10
Batch_2	48	48	6362	1e-10	1e-10	1e-10
Batch_2	49	49	5962	1e-10	1e-10	1e-10
Batch_2	50	50	5596	5.97228e-05	1e-10	0.000204189
Batch_2	51	51	5198	0.000185674	0.000216562	1e-10
Batch_2	52	52	4901	1e-10	1e-10	0.000570692
Batch_2	53	53	4522	0.00022943	0.000196026	1e-10
Batch_2	54	54	4094	0.000266085	0.000314401	1e-10
Batch_2	55	55	3929	1e-10	1e-10	1e-10
Batch_2	56	56	3700	1e-10	1e-10	1e-10
Batch_2	57	57	3318	1e-10	1e-10	1e-10
Batch_2	58	58	3060	1e-10	1e-10	1e-10
Batch_2	59	59	2884	0.000783514	0.000717693	0.000946574
Batch_2	60	60	2684	1e-10	1e-10	1e-10
Batch_2	61	61	2506	1e-10	1e-10	1e-10
Batch_2	62	62	2301	1e-10	1e-10	1e-10
Batch_2	63	63	2086	1e-10	1e-10	1e-10
Batch_2	64	64	1966	0.000377278	1e-10	0.00163837
Batch_2	65	65	1717	1e-10	1e-10	1e-10
Batch_2	66	66	1572	1e-10	1e-10	1e-10
Batch_2	67	67	1529	0.000332048	1e-10	0.00104905
Batch_2	68	68	1403	0.000889227	0.00109122	1e-10
Batch_2	69	69	1175	1e-10	1e-10	1e-10
Batch_2	70	70	1145	0.000561856	0.000590722	1e-10
Batch_2	71	71	1068	0.000587345	1e-10	0.00298152
Batch_2	72	72	914	1e-10	1e-10	1e-10
Batch_2	73	73	905	1e-10	1e-10	1e-10
Batch_2	74	74	814	1e-10	1e-10	1e-10
Batch_2	75	75	769	1e-10	1e-10	1e-10
Batch_2	76	76	678	1e-10	1e-10	0.00230733
Batch_2	77	77	582	0.000253316	1e-10	0.00274689
Batch_2	78	78	547	1e-10	1e-10	1e-10
Batch_2	79	79	495	1e-10	1e-10	1e-10
Batch_2	80	80	415	1e-10	1e-10	1e-10
Batch_2	81	81	447	1e-10	1e-10	1e-10
Batch_2	82	82	394	1e-10	1e-10	1e-10
Batch_2	83	83	341	0.00136351	0.00142966	1e-10
Batch_2	84	84	341	1e-10	1e-10	1e-10
Batch_2	85	85	270	1e-10	1e-10	1e-10
Batch_2	86	86	241	1e-10	1e-10	1e-10
Batch_2	87	87	233	1e-10	1e-10	1e-10
Batch_2	88	88	214	1e-10	1e-10	1e-10
Batch_2	89	89	179	1e-10	1e-10	1e-10
Batch_2	90	90	155	1e-10	1e-10	1e-10
Batch_2	91	91	144	1e-10	1e-10	1e-10
Batch_2	92	92	164	1e-10	1e-10	1e-10
Batch_2	93	93	125	1e-10	1e-10	1e-10
Batch_2	94	94	129	1e-10	1e-10	1e-10
Batch_2	95	95	104	1e-10	1e-10	1e-10
Batch_2	96	96	97	1e-10	1e-10	1e-10
Batch_2	97	97	67	0.00759644	1e-10	0.0188881
Batch_2	98	98	68	1e-10	1e-10	1e-10
Batch_2	99	99	81	1e-10	1e-10	1e-10
Batch_2	100	100	63	1e-10	1e-10	1e-10
Batch_2	101	101	50	0.00856999	1e-10	0.0401043
Batch_2	102	102	41	1e-10	1e-10	1e-10
Batch_2	103	103	47	1e-10	1e-10	1e-10
Batch_2	104	104	52	1e-10	1e-10	1e-10
Batch_2	105	105	42	1e-10	1e-10	1e-10
Batch_2	106	106	28	1e-10	1e-10	1e-10
Batch_2	107	107	24	1e-10	1e-10	1e-10
Batch_2	108	108	27	1e-10	1e-10	1e-10
Batch_2	109	109	24	1e-10	1e-10	1e-10
Batch_2	110	110	20	1e-10	1e-10	1e-10
Batch_2	111	111	19	1e-10	1e-10	1e-10
Batch_2	112	112	14	1e-10	1e-10	1e-10
Batch_2	113	113	19	1e-10	1e-10	1e-10
Batch_2	114	114	15	1e-10	1e-10	1e-10
Batch_2	115	115	10	1e-10	1e-10	1e-10
Batch_2	116	116	15	1e-10	1e-10	1e-10
Batch_2	117	117	19	1e-10	1e-10	1e-10
Batch_2	118	118	15	1e-10	1e-10	1e-10
Batch_2	119	119	6	1e-10	1e-10	1e-10
Batch_2	120	120	13	1e-10	1e-10	1e-10
Batch_2	121	121	9	1e-10	1e-10	1e-10
Batch_2	122	122	6	1e-10	1e-10	1e-10
Batch_2	123	123	5	1e-10	1e-10	1e-10
Batch_2	124	124	9	1e-10	1e-10	1e-10
Batch_2	125	125	3	1e-10	1e-10	1e-10
Batch_2	126	126	5	1e-10	1e-10	1e-10
Batch_2	127	127	4	1e-10	1e-10	1e-10
Batch_2	128	128	7	1e-10	1e-10	1e-10
Batch_2	129	129	2	1e-10	1e-10	1e-10
Batch_2	130	130	4	1e-10	1e-10	1e-10
Batch_2	131	131	1	1e-10	1e-10	0.5
Batch_2	132	132	1	1e-10	0.5	1e-10
Batch_2	133	133	3	1e-10	1e-10	1e-10
Batch_2	134	134	1	1e-10	0.5	1e-10
Batch_2	135	135	2	1e-10	1e-10	0.5
Batch_2	136	136	1	1e-10	1e-10	0.5
Batch_2	137	137	1	1e-10	1e-10	0.5
Batch_2	138	138	1	1e-10	1e-10	0.5
Batch_2	139	139	4	1e-10	1e-10	1e-10
Batch_2	140	140	4	1e-10	1e-10	1e-10
Batch_2	141	141	2	1e-10	0.0399832	1e-10
Batch_2	142	142	2	1e-10	0.5	1e-10
Batch_2	143	143	2	1e-10	1e-10	0.5
Batch_2	144	144	3	1e-10	0.5	1e-10
Batch_2	145	145	2	1e-10	0.0515853	1e-10
Batch_2	147	147	1	1e-10	0.5	1e-10
Batch_2	151	151	1	1e-10	1e-10	0.5
Batch_2	152	152	1	1e-10	0.5	1e-10
Batch_2	153	153	1	0.5	0.5	1e-10
Batch_2	154	154	2	1e-10	1e-10	1e-10
Batch_2	157	157	2	1e-10	1e-10	0.5
Batch_2	158	158	1	1e-10	1e-10	0.5
Batch_2	160	160	1	1e-10	0.5	1e-10
Batch_2	162	162	1	1e-10	1e-10	0.5
Batch_2	163	163	1	1e-10	0.5	1e-10
Batch_2	167	167	1	0.5	0.5	1e-10
Batch_2	169	169	1	1e-10	1e-10	0.5
Batch_2	173	173	1	1e-10	1e-10	0.5
Batch_2	174	174	1	1e-10	1e-10	0.5
Batch_2	175	175	2	1e-10	1e-10	1e-10
Batch_2	176	176	1	1e-10	0.5	1e-10
Batch_2	177	177	1	1e-10	1e-10	0.5
Batch_2	182	182	1	1e-10	0.5	1e-10
Batch_2	184	184	1	1e-10	1e-10	0.5
Batch_2	204	204	1	1e-10	0.5	1e-10
Batch_2	228	228	1	1e-10	1e-10	0.5
Batch_3	1	1	20	1e-10	1e-10	0.5
Batch_3	2	2	49	0.0500397	0.0251576	0.224558
Batch_3	3	3	3400	0.0235217	0.00215938	0.567949
Batch_3	4	4	5095	0.022033	0.0065158	0.111885
Batch_3	5	5	5877	0.0149569	0.0060978	0.0459933
Batch_3	6	6	5698	0.0121316	0.00684227	0.0283136
Batch_3	7	7	5382	0.0116055	0.00760085	0.02348
Batch_3	8	8	5070	0.0076252	0.00613393	0.0114251
Batch_3	9	9	4865	0.00543666	0.00402635	0.00993809
Batch_3	10	10	4507	0.00507989	0.00376078	0.00720231
Batch_3	11	11	4360	0.00505186	0.00330931	0.0103507
Batch_3	12	12	4230	0.00299681	0.00250498	0.00461618
Batch_3	13	13	4364	0.00315563	0.00295797	0.00367091
Batch_3	14	14	4040	0.00265858	0.00233982	0.00287262
Batch_3	15	15	4090	0.00369741	0.00379404	0.00233743
Batch_3	16	16	4053	0.00341117	0.00281534	0.00580173
Batch_3	17	17	3999	0.00403171	0.00293303	0.00764815
Batch_3	18	18	4163	0.00336284	0.00256742	0.00651288
Batch_3	19	19	4079	0.00411392	0.00351778	0.00581725
Batch_3	20	20	4223	0.00298914	0.00178324	0.0065524
Batch_3	21	21	4127	0.00333326	0.00198629	0.0071232
Batch_3	22	22	4088	0.00433121	0.002895	0.00788466
Batch_3	23	23	3927	0.0041522	0.00282923	0.00723941
Batch_3	24	24	4072	0.00415576	0.00293546	0.0073201
Batch_3	25	25	4087	0.00336143	0.00269465	0.00555587
Batch_3	26	26	4045	0.00524185	0.00318644	0.0120371
Batch_3	27	27	3887	0.00433594	0.00375266	0.00563894
Batch_3	28	28	3965	0.00699913	0.00487424	0.0124898
Batch_3	29	29	3847	0.00694909	0.00647124	0.00839079
Batch_3	30	30	3824	0.00823751	0.00718556	0.0112401
Batch_3	31	31	3870	0.00719957	0.00577715	0.0113476
Batch_3	32	32	3746	0.00861628	0.00726733	0.0122095
Batch_3	33	33	3502	0.00883175	0.00759597	0.0113831
Batch_3	34	34	3494	0.00937711	0.00733599	0.0143497
Batch_3	35	35	3488	0.00881091	0.00781469	0.0116892
Batch_3	36	36	3404	0.0122588	0.0109277	0.0169123
Batch_3	37	37	3200	0.0128297	0.00998753	0.0206881
Batch_3	38	38	3196	0.0135826	0.00997534	0.0237758
Batch_3	39	39	3174	0.0127716	0.0110988	0.0168252
Batch_3	40	40	3160	0.014017	0.0125407	0.0190195
Batch_3	41	41	3087	0.0154589	0.0131806	0.0214862
Batch_3	42	42	2915	0.0207015	0.0189927	0.0244242
Batch_3	43	43	2811	0.0168618	0.0147123	0.0226732
Batch_3	44	44	2860	0.0208051	0.0170314	0.0324609
Batch_3	45	45	2773	0.0178338	0.0149978	0.02677
Batch_3	46	46	2741	0.0177553	0.0129412	0.0313023
Batch_3	47	47	2577	0.0243721	0.0215862	0.0328013
Batch_3	48	48	2617	0.0205153	0.0167479	0.0303417
Batch_3	49	49	2478	0.0277466	0.0239807	0.0365615
Batch_3	50	50	2550	0.0288274	0.0251272	0.0378829
Batch_3	51	51	2475	0.02794	0.022314	0.0428897
Batch_3	52	52	2409	0.0280966	0.0265369	0.031671
Batch_3	53	53	2362	0.0324153	0.0287232	0.0407472
Batch_3	54	54	2359	0.0354946	0.0330724	0.0413626
Batch_3	55	55	2311	0.031398	0.0274325	0.0417857
Batch_3	56	56	2245	0.0380366	0.0354875	0.0443928
Batch_3	57	57	2253	0.0378356	0.0339043	0.0479282
Batch_3	58	58	2108	0.0380813	0.0330914	0.0512838
Batch_3	59	59	2134	0.0445638	0.0395951	0.0575232
Batch_3	60	60	2065	0.0389927	0.0294665	0.0645952
Batch_3	61	61	2108	0.0476689	0.0404977	0.0654527
Batch_3	62	62	2021	0.0511531	0.0461747	0.0650639
Batch_3	63	63	2027	0.0508148	0.0481828	0.0573047
Batch_3	64	64	2049	0.0491624	0.0453947	0.0591395
Batch_3	65	65	1962	0.0587824	0.0490982	0.0873654
Batch_3	66	66	1957	0.0578334	0.051	0.0778304
Batch_3	67	67	2032	0.0623451	0.0566343	0.0779816
Batch_3	68	68	1911	0.0645239	0.0558088	0.0904243
Batch_3	69	69	1935	0.0704302	0.0643849	0.0867812
Batch_3	70	70	1915	0.0704059	0.0648618	0.0878535
Batch_3	71	71	1880	0.0747171	0.0639228	0.10719
Batch_3	72	72	1903	0.0744867	0.0655737	0.0988518
Batch_3	73	73	1847	0.0806503	0.0694446	0.115295
Batch_3	74	74	1782	0.0837284	0.0772597	0.10299
Batch_3	75	75	1739	0.0742578	0.0662962	0.0953998
Batch_3	76	76	1756	0.0944749	0.0796723	0.137654
Batch_3	77	77	1675	0.089284	0.0815197	0.113093
Batch_3	78	78	1635	0.0921364	0.080021	0.12945
Batch_3	79	79	1619	0.0937243	0.0870402	0.115877
Batch_3	80	80	1603	0.10346	0.0880877	0.151096
Batch_3	81	81	1535	0.108123	0.0952578	0.151955
Batch_3	82	82	1532	0.102869	0.0975778	0.120608
Batch_3	83	83	1506	0.0957929	0.0769411	0.155216
Batch_3	84	84	1380	0.110455	0.105639	0.125029
Batch_3	85	85	1353	0.108314	0.09785	0.151486
Batch_3	86	86	1328	0.113973	0.0992749	0.159047
Batch_3	87	87	1272	0.109496	0.0943426	0.159972
Batch_3	88	88	1225	0.10585	0.0919747	0.15273
Batch_3	89	89	1170	0.12832	0.114763	0.177286
Batch_3	90	90	1148	0.124961	0.108818	0.186591
Batch_3	91	91	1039	0.115899	0.0971173	0.185955
Batch_3	92	92	998	0.142923	0.127628	0.20199
Batch_3	93	93	936	0.117914	0.105181	0.158776
Batch_3	94	94	926	0.140028	0.123987	0.196604
Batch_3	95	95	829	0.139032	0.127557	0.18134
Batch_3	96	96	799	0.142264	0.126656	0.198634
Batch_3	97	97	743	0.16246	0.147013	0.229394
Batch_3	98	98	732	0.128134	0.108707	0.193761
Batch_3	99	99	643	0.154096	0.1461	0.18963
Batch_3	100	100	622	0.145005	0.130688	0.200733
Batch_3	101	101	594	0.152468	0.121442	0.281054
Batch_3	102	102	556	0.141861	0.114894	0.254937
Batch_3	103	103	526	0.16892	0.145294	0.280993
Batch_3	104	104	471	0.163223	0.147004	0.238469
Batch_3	105	105	423	0.173863	0.15123	0.282118
Batch_3	106	106	424	0.171317	0.150651	0.293898
Batch_3	107	107	340	0.153437	0.132157	0.276386
Batch_3	108	108	339	0.169712	0.140517	0.338207
Batch_3	109	109	318	0.151352	0.135089	0.234429
Batch_3	110	110	261	0.205177	0.177801	0.406158
Batch_3	111	111	253	0.164487	0.145062	0.257346
Batch_3	112	112	221	0.167463	0.142364	0.275649
Batch_3	113	113	205	0.178068	0.143061	0.34801
Batch_3	114	114	188	0.193166	0.179937	0.285999
Batch_3	115	115	171	0.17446	0.156477	0.271717
Batch_3	116	116	149	0.174719	0.152259	0.323261
Batch_3	117	117	158	0.181427	0.163243	0.259963
Batch_3	118	118	127	0.188389	0.170389	0.320789
Batch_3	119	119	118	0.180234	0.160067	0.345433
Batch_3	120	120	104	0.196694	0.186285	0.262915
Batch_3	121	121	98	0.175391	0.150025	0.274647
Batch_3	122	122	87	0.239321	0.219268	0.57914
Batch_3	123	123	78	0.153447	0.159064	0.129812
Batch_3	124	124	58	0.218076	0.194783	0.5
Batch_3	125	125	44	0.199743	0.141287	0.5
Batch_3	126	126	45	0.22415	0.211967	0.297944
Batch_3	127	127	53	0.185924	0.165681	0.306485
Batch_3	128	128	60	0.206196	0.155696	0.5
Batch_3	129	129	42	0.172531	0.120402	0.5
Batch_3	130	130	45	0.243291	0.222424	0.334078
Batch_3	131	131	26	0.234653	0.169847	0.5
Batch_3	132	132	24	0.150964	0.157906	0.112824
Batch_3	133	133	21	0.150034	0.142852	0.172619
Batch_3	134	134	31	0.202838	0.251965	0.115275
Batch_3	135	135	14	0.149305	0.150015	0.14649
Batch_3	136	136	17	0.369193	0.40909	0.0917405
Batch_3	137	137	14	0.178576	0.0909146	0.5
Batch_3	138	138	14	0.14907	0.0624748	0.49078
Batch_3	139	139	14	0.225448	0.166441	0.5
Batch_3	140	140	9	0.118475	0.0847472	0.228688
Batch_3	141	141	9	0.281277	0.399998	1e-10
Batch_3	142	142	7	1e-10	1e-10	1e-10
Batch_3	143	143	3	1e-10	1e-10	1e-10
Batch_3	144	144	9	0.0559337	1e-10	0.50363
Batch_3	145	145	6	0.0833336	0.0837841	0.5
Batch_3	146	146	4	1e-10	1e-10	0.5
Batch_3	147	147	2	1	1	1e-10
Batch_3	148	148	7	0.151782	0.200021	1e-10
Batch_3	149	149	5	0.342764	0.375	1e-10
Batch_3	150	150	4	0.250002	0.166667	0.5
Batch_3	151	151	7	0.240367	0.249932	0.211081
Batch_3	152	152	9	0.182964	0.171234	0.237199
Batch_3	153	153	6	0.173722	0.125006	0.5
Batch_3	154	154	6	0.219021	0.159192	0.5
Batch_3	155	155	7	0.240389	0.168859	0.5
Batch_3	156	156	2	1e-10	1e-10	0.5
Batch_3	157	157	1	1e-10	0.5	1e-10
Batch_3	158	158	6	0.0879756	1e-10	0.146447
Batch_3	159	159	4	0.323776	0.344062	1e-10
Batch_3	160	160	2	0.249999	0.249998	1e-10
Batch_3	161	161	3	0.183677	1e-10	0.5
Batch_3	162	162	2	1e-10	1e-10	1e-10
Batch_3	163	163	1	1e-10	1e-10	0.5
Batch_3	164	164	2	1e-10	0.5	1e-10
Batch_3	165	165	2	1e-10	1e-10	1e-10
Batch_3	166	166	5	0.109122	0.250261	1e-10
Batch_3	167	167	1	1e-10	0.5	1e-10
Batch_3	168	168	2	0.0915315	0.5	1e-10
Batch_3	169	169	2	1e-10	1e-10	1e-10
Batch_3	170	170	4	0.146989	0.494375	0.146627
Batch_3	171	171	1	1e-10	1e-10	0.5
Batch_3	173	173	1	1e-10	1e-10	0.5
Batch_3	175	175	1	1e-10	1e-10	0.5
Batch_3	176	176	1	0.5	1e-10	0.5
Batch_3	177	177	2	0.249996	0.249993	1e-10
Batch_3	178	178	4	0.130508	0.166667	1e-10
Batch_3	179	179	3	1e-10	0.0415932	1e-10
Batch_3	181	181	4	1e-10	1e-10	1e-10
Batch_3	182	182	2	1e-10	0.5	1e-10
Batch_3	183	183	3	1e-10	1e-10	1e-10
Batch_3	184	184	1	0.499945	1e-10	0.5
Batch_3	185	185	4	0.5	0.5	1e-10
Batch_3	186	186	2	1e-10	1e-10	1e-10
Batch_3	187	187	1	1e-10	1e-10	0.5
Batch_3	189	189	4	0.499977	0.5	1e-10
Batch_3	190	190	1	1e-10	1e-10	0.5
Batch_3	191	191	1	1e-10	0.5	1e-10
Batch_3	192	192	1	0.5	0.5	1e-10
Batch_3	193	193	1	1e-10	0.5	1e-10
Batch_3	194	194	2	1e-10	1e-10	1e-10
Batch_3	195	195	1	1e-10	0.5	1e-10
Batch_3	196	196	2	0.250017	1e-10	0.5
Batch_3	197	197	1	1e-10	0.5	1e-10
Batch_3	198	198	1	1e-10	0.5	1e-10
Batch_3	200	200	1	1e-10	0.5	1e-10
Batch_3	201	201	1	0.5	0.5	1e-10
Batch_3	204	204	2	1e-10	0.0414901	1e-10
Batch_3	205	205	1	1e-10	0.5	1e-10
Batch_3	207	207	1	0.5	0.5	1e-10
Batch_3	209	209	2	1e-10	0.5	1e-10
Batch_3	210	210	1	1e-10	1e-10	0.5
Batch_3	211	211	1	1e-10	1e-10	0.5
Batch_3	213	213	1	0.5	1e-10	0.5
Batch_3	214	214	1	1e-10	1e-10	0.5
Batch_3	217	217	2	1e-10	1e-10	1e-10
Batch_3	218	218	3	1e-10	1e-10	1e-10
Batch_3	220	220	1	1e-10	0.5	1e-10
Batch_3	221	221	1	0.5	0.5	1e-10
Batch_3	222	222	2	1e-10	1e-10	0.5
Batch_3	224	224	1	1e-10	0.5	1e-10
Batch_3	226	226	1	1e-10	0.5	1e-10
Batch_3	227	227	1	1e-10	0.5	1e-10
Batch_3	253	253	1	1e-10	0.5	1e-10
Batch_3	254	254	1	0.5	0.5	1e-10
Batch_3	260	260	1	1e-10	1e-10	0.5
Batch_3	269	269	1	1e-10	1e-10	0.5
Batch_3	304	304	1	1e-10	0.5	1e-10
Batch_4	1	1	17	1e-10	1e-10	0.5
Batch_4	2	2	12	0.0458916	1e-10	0.5
Batch_4	3	3	215	0.01315	1e-10	0.5
Batch_4	4	4	573	0.00923961	0.000400893	0.0849516
Batch_4	5	5	1023	0.0132632	0.0029011	0.0565488
Batch_4	6	6	1509	0.0122241	0.00430663	0.0338457
Batch_4	7	7	1980	0.00858226	0.00223465	0.0278483
Batch_4	8	8	2426	0.00784332	0.00492475	0.0133109
Batch_4	9	9	2785	0.00621924	0.0051252	0.00821162
Batch_4	10	10	3244	0.00598242	0.00381098	0.00815532
Batch_4	11	11	3745	0.00459813	0.00316835	0.00752127
Batch_4	12	12	3974	0.00429656	0.00307033	0.00586029
Batch_4	13	13	4376	0.00492203	0.0036485	0.00586348
Batch_4	14	14	4695	0.00376309	0.00243675	0.00662622
Batch_4	15	15	4883	0.00288151	0.00205663	0.00390007
Batch_4	16	16	5178	0.00144171	0.000500565	0.00582586
Batch_4	17	17	5614	0.000700527	0.000442005	0.00210464
Batch_4	18	18	5632	0.00079781	0.000582147	0.00171693
Batch_4	19	19	5861	0.000909102	0.000517503	0.00318602
Batch_4	20	20	6137	0.000659198	0.000429025	0.00178594
Batch_4	21	21	6113	0.000628446	0.000569785	1e-10
Batch_4	22	22	6355	0.00105608	0.000457425	0.00343787
Batch_4	23	23	6374	0.000721468	0.00068681	0.00054465
Batch_4	24	24	6352	0.000776064	0.000337372	0.00143309
Batch_4	25	25	6518	0.000484924	4.09381e-05	0.00251729
Batch_4	26	26	6317	0.000824964	0.000346892	0.00192852
Batch_4	27	27	6630	0.000455709	0.000471568	3.36954e-07
Batch_4	28	28	6642	0.000924496	0.000638148	0.00241035
Batch_4	29	29	6590	0.000513305	0.000391302	0.000190923
Batch_4	30	30	6763	0.000914994	0.000111746	0.00297109
Batch_4	31	31	6794	0.000329539	0.000153421	0.00133648
Batch_4	32	32	6736	0.00063553	0.000467634	0.00114076
Batch_4	33	33	6918	0.000442881	0.000237207	0.00121576
Batch_4	34	34	6729	0.000461414	0.000546399	1e-10
Batch_4	35	35	6834	0.000141342	0.000135541	0.000478797
Batch_4	36	36	6688	1e-10	1e-10	0.00108064
Batch_4	37	37	6653	0.000432675	0.000237741	0.000667705
Batch_4	38	38	6636	0.000308188	0.000160948	0.000791116
Batch_4	39	39	6631	0.000270289	0.000198341	1e-10
Batch_4	40	40	6710	0.000312076	0.00011416	0.0011396
Batch_4	41	41	6667	0.000378662	0.00041153	0.000268252
Batch_4	42	42	6543	0.000176541	1e-10	0.000641832
Batch_4	43	43	6347	0.000102734	0.000199495	3.11472e-05
Batch_4	44	44	6416	0.00018356	1.35341e-08	0.000380759
Batch_4	45	45	6417	0.000338479	0.000146147	0.000717746
Batch_4	46	46	6091	0.000478151	0.000299765	0.000559109
Batch_4	47	47	6174	0.000341446	0.000283804	0.000183464
Batch_4	48	48	6139	0.000190285	1e-10	0.000558763
Batch_4	49	49	5891	9.87139e-05	1e-10	1e-10
Batch_4	50	50	5918	1e-10	1e-10	1e-10
Batch_4	51	51	5815	0.000270385	0.000200575	0.000746358
Batch_4	52	52	5612	1e-10	1e-10	1e-10
Batch_4	53	53	5499	0.000473055	0.000586364	1e-10
Batch_4	54	54	5365	1e-10	1e-10	1e-10
Batch_4	55	55	5296	0.000170466	0.000215844	1e-10
Batch_4	56	56	5138	1e-10	1e-10	1e-10
Batch_4	57	57	4910	0.000119821	1e-10	0.000500135
Batch_4	58	58	4797	1e-10	1e-10	1e-10
Batch_4	59	59	4472	0.000181522	0.000119805	1e-10
Batch_4	60	60	4524	1e-10	1e-10	1e-10
Batch_4	61	61	4156	8.78773e-05	0.000221076	1e-10
Batch_4	62	62	3999	0.000267258	0.000235629	0.000672362
Batch_4	63	63	3895	0.00013923	1.3377e-08	1e-10
Batch_4	64	64	3705	0.000424219	0.00041409	0.000640416
Batch_4	65	65	3514	1e-10	1e-10	1e-10
Batch_4	66	66	3407	1.84406e-05	1e-10	1e-10
Batch_4	67	67	3147	1e-10	1e-10	1e-10
Batch_4	68	68	2981	0.000490042	0.000511542	0.000750992
Batch_4	69	69	2960	1e-10	1e-10	1e-10
Batch_4	70	70	2739	1e-10	1e-10	1e-10
Batch_4	71	71	2578	1e-10	1e-10	1e-10
Batch_4	72	72	2380	1e-10	1e-10	1e-10
Batch_4	73	73	2291	1e-10	1e-10	1e-10
Batch_4	74	74	2086	0.00025377	0.00037212	1e-10
Batch_4	75	75	2086	0.000455676	0.000512144	1e-10
Batch_4	76	76	1956	1e-10	1e-10	1e-10
Batch_4	77	77	1794	0.000347558	0.000428359	9.58253e-05
Batch_4	78	78	1707	1e-10	1e-10	1e-10
Batch_4	79	79	1619	0.000515466	0.000104723	1e-10
Batch_4	80	80	1567	0.000358436	0.000512591	1e-10
Batch_4	81	81	1416	0.000372475	0.000242204	1e-10
Batch_4	82	82	1428	1e-10	1e-10	1e-10
Batch_4	83	83	1336	1e-10	1e-10	1e-10
Batch_4	84	84	1250	1e-10	1e-10	1e-10
Batch_4	85	85	1139	0.000465501	0.000685611	1e-10
Batch_4	86	86	1082	1e-10	1e-10	1e-10
Batch_4	87	87	1059	1e-10	1e-10	1e-10
Batch_4	88	88	1055	1e-10	1e-10	1e-10
Batch_4	89	89	953	1e-10	1e-10	1e-10
Batch_4	90	90	946	1e-10	1e-10	1e-10
Batch_4	91	91	932	0.000592865	1e-10	0.0018783
Batch_4	92	92	856	1e-10	1e-10	1e-10
Batch_4	93	93	826	1e-10	1e-10	1e-10
Batch_4	94	94	793	1e-10	1e-10	1e-10
Batch_4	95	95	742	1e-10	1e-10	1e-10
Batch_4	96	96	721	1e-10	1e-10	1e-10
Batch_4	97	97	697	0.000598529	0.00111342	1e-10
Batch_4	98	98	734	1e-10	1e-10	1e-10
Batch_4	99	99	680	1e-10	1e-10	1e-10
Batch_4	100	100	653	1e-10	1e-10	1e-10
Batch_4	101	101	632	1e-10	1e-10	1e-10
Batch_4	102	102	618	1e-10	1e-10	1e-10
Batch_4	103	103	576	1e-10	1e-10	1e-10
Batch_4	104	104	535	1e-10	1e-10	1e-10
Batch_4	105	105	576	1e-10	1e-10	1e-10
Batch_4	106	106	474	1e-10	1e-10	1e-10
Batch_4	107	107	511	1e-10	1e-10	1e-10
Batch_4	108	108	483	1e-10	1e-10	1e-10
Batch_4	109	109	442	1e-10	1e-10	1e-10
Batch_4	110	110	455	1e-10	1e-10	1e-10
Batch_4	111	111	460	1e-10	1e-10	1e-10
Batch_4	112	112	380	1e-10	1e-10	1e-10
Batch_4	113	113	418	1e-10	1e-10	1e-10
Batch_4	114	114	351	1e-10	1e-10	1e-10
Batch_4	115	115	339	1e-10	1e-10	1e-10
Batch_4	116	116	366	1e-10	1e-10	1e-10
Batch_4	117	117	321	1e-10	1e-10	1e-10
Batch_4	118	118	278	1e-10	1e-10	1e-10
Batch_4	119	119	336	1e-10	1e-10	1e-10
Batch_4	120	120	316	1e-10	1e-10	1e-10
Batch_4	121	121	264	1e-10	1e-10	1e-10
Batch_4	122	122	278	1e-10	1e-10	1e-10
Batch_4	123	123	229	1e-10	1e-10	1e-10
Batch_4	124	124	225	1e-10	1e-10	1e-10
Batch_4	125	125	215	1e-10	1e-10	1e-10
Batch_4	126	126	220	1e-10	1e-10	1e-10
Batch_4	127	127	188	1e-10	1e-10	1e-10
Batch_4	128	128	181	1e-10	1e-10	1e-10
Batch_4	129	129	183	1e-10	1e-10	1e-10
Batch_4	130	130	174	1e-10	1e-10	1e-10
Batch_4	131	131	152	1e-10	1e-10	1e-10
Batch_4	132	132	130	1e-10	1e-10	1e-10
Batch_4	133	133	162	1e-10	1e-10	1e-10
Batch_4	134	134	125	1e-10	1e-10	1e-10
Batch_4	135	135	116	1e-10	1e-10	1e-10
Batch_4	136	136	97	1e-10	1e-10	1e-10
Batch_4	137	137	99	1e-10	1e-10	1e-10
Batch_4	138	138	96	1e-10	1e-10	1e-10
Batch_4	139	139	87	1e-10	1e-10	1e-10
Batch_4	140	140	84	1e-10	1e-10	1e-10
Batch_4	141	141	77	1e-10	1e-10	1e-10
Batch_4	142	142	76	1e-10	1e-10	1e-10
Batch_4	143	143	73	0.00984945	0.0178876	1e-10
Batch_4	144	144	57	1e-10	1e-10	1e-10
Batch_4	145	145	56	1e-10	1e-10	1e-10
Batch_4	146	146	49	1e-10	1e-10	1e-10
Batch_4	147	147	46	1e-10	1e-10	1e-10
Batch_4	148	148	40	1e-10	1e-10	1e-10
Batch_4	149	149	37	1e-10	1e-10	1e-10
Batch_4	150	150	51	1e-10	1e-10	1e-10
Batch_4	151	151	27	1e-10	1e-10	1e-10
Batch_4	152	152	23	1e-10	1e-10	1e-10
Batch_4	153	153	18	1e-10	1e-10	1e-10
Batch_4	154	154	28	1e-10	1e-10	1e-10
Batch_4	155	155	23	1e-10	1e-10	1e-10
Batch_4	156	156	21	1e-10	1e-10	1e-10
Batch_4	157	157	20	1e-10	1e-10	1e-10
Batch_4	158	158	17	1e-10	1e-10	1e-10
Batch_4	159	159	15	1e-10	1e-10	1e-10
Batch_4	160	160	11	1e-10	1e-10	1e-10
Batch_4	161	161	11	1e-10	1e-10	1e-10
Batch_4	162	162	13	1e-10	1e-10	1e-10
Batch_4	163	163	10	1e-10	1e-10	1e-10
Batch_4	164	164	9	1e-10	1e-10	1e-10
Batch_4	165	165	9	1e-10	1e-10	1e-10
Batch_4	166	166	11	1e-10	1e-10	1e-10
Batch_4	167	167	8	1e-10	1e-10	1e-10
Batch_4	168	168	7	1e-10	1e-10	1e-10
Batch_4	169	169	3	1e-10	1e-10	0.5
Batch_4	170	170	14	1e-10	1e-10	1e-10
Batch_4	171	171	3	1e-10	1e-10	0.5
Batch_4	172	172	7	1e-10	1e-10	1e-10
Batch_4	173	173	9	1e-10	1e-10	1e-10
Batch_4	174	174	6	1e-10	1e-10	1e-10
Batch_4	175	175	3	1e-10	1e-10	1e-10
Batch_4	176	176	2	1e-10	1e-10	1e-10
Batch_4	177	177	5	1e-10	1e-10	1e-10
Batch_4	178	178	5	1e-10	0.5	1e-10
Batch_4	179	179	5	1e-10	1e-10	1e-10
Batch_4	180	180	1	1e-10	0.5	1e-10
Batch_4	181	181	3	1e-10	1e-10	1e-10
Batch_4	182	182	1	1e-10	1e-10	0.5
Batch_4	183	183	3	1e-10	1e-10	1e-10
Batch_4	184	184	2	1e-10	1e-10	1e-10
Batch_4	185	185	4	1e-10	1e-10	1e-10
Batch_4	186	186	1	3.07733e-08	0.5	1e-10
Batch_4	187	187	2	1e-10	1e-10	0.5
Batch_4	188	188	2	1e-10	1e-10	0.5
Batch_4	189	189	1	1e-10	0.5	1e-10
Batch_4	190	190	1	1e-10	1e-10	0.5
Batch_4	191	191	3	1e-10	1e-10	1e-10
Batch_4	192	192	1	1e-10	1e-10	0.5
Batch_4	193	193	4	1e-10	1e-10	1e-10
Batch_4	194	194	1	1e-10	1e-10	0.5
Batch_4	195	195	1	0.5	0.5	1e-10
Batch_4	197	197	2	1e-10	1e-10	0.5
Batch_4	204	204	1	1e-10	1e-10	0.5
Batch_4	206	206	1	0.5	0.5	1e-10
Batch_4	208	208	1	1e-10	0.5	1e-10
Batch_4	213	213	1	1e-10	1e-10	0.5
Batch_4	215	215	1	1e-10	1e-10	0.5
Batch_4	216	216	2	1e-10	0.0414901	1e-10
Batch_4	220	220	1	1e-10	0.5	1e-10
Batch_4	224	224	1	1e-10	0.5	1e-10
Batch_4	226	226	1	1e-10	1e-10	0.5
Batch_4	227	227	1	1e-10	0.5	1e-10
Batch_4	229	229	1	1e-10	0.5	1e-10
Batch_4	237	237	1	1e-10	1e-10	0.5
Batch_4	238	238	2	1e-10	0.5	1e-10
Batch_4	242	242	1	1e-10	1e-10	0.5
Batch_4	244	244	1	1e-10	1e-10	0.5
Batch_4	253	253	1	1e-10	0.5	1e-10
Batch_4	264	264	1	1e-10	1e-10	0.5
Batch_4	266	266	1	1e-10	1e-10	0.5
Batch_4	293	293	1	1e-10	1e-10	0.5
Batch_5	1	1	9	1e-10	1e-10	0.5
Batch_5	2	2	5	1e-10	1e-10	0.5
Batch_5	3	3	28	1e-10	1e-10	0.182858
Batch_5	4	4	70	0.0146539	0.0088283	0.33939
Batch_5	5	5	140	0.00913868	0.00134699	0.0850529
Batch_5	6	6	228	0.00948837	0.00302122	0.0372949
Batch_5	7	7	317	0.0149502	0.00856433	0.0320363
Batch_5	8	8	443	0.00988547	0.00647946	0.0186902
Batch_5	9	9	545	0.00501632	0.00191758	0.0231551
Batch_5	10	10	729	0.00252173	0.000521118	1e-10
Batch_5	11	11	827	0.00196418	0.00121106	0.00691019
Batch_5	12	12	957	0.00437995	0.00225965	0.00761071
Batch_5	13	13	1112	0.00287622	0.00254329	0.00145531
Batch_5	14	14	1292	0.0031736	0.000801551	0.0120066
Batch_5	15	15	1400	0.00303024	0.000762035	0.0101096
Batch_5	16	16	1518	0.00106621	1e-10	0.00707485
Batch_5	17	17	1620	0.00204005	0.000779388	0.00353393
Batch_5	18	18	1672	0.00126196	1e-10	0.0112782
Batch_5	19	19	1673	0.000834817	1e-10	0.00591654
Batch_5	20	20	1770	1e-10	1e-10	0.00229518
Batch_5	21	21	1775	0.00126283	1e-10	0.00521015
Batch_5	22	22	1828	0.000792126	1e-10	0.00434421
Batch_5	23	23	1889	0.000593607	1e-10	0.00367186
Batch_5	24	24	1943	0.00149105	1e-10	0.00830452
Batch_5	25	25	2014	0.000263063	1e-10	0.00249869
Batch_5	26	26	2025	0.00153092	0.000480499	0.00281557
Batch_5	27	27	2045	1.49244e-09	1e-10	0.0011432
Batch_5	28	28	2095	0.000454934	1e-10	0.00365608
Batch_5	29	29	2166	0.00130726	0.000351596	0.000896701
Batch_5	30	30	2238	1.8678e-10	1e-10	0.00181279
Batch_5	31	31	2191	0.000703296	1e-10	0.0031834
Batch_5	32	32	2307	0.00160017	4.63186e-05	0.00389104
Batch_5	33	33	2285	0.000881208	0.000512886	0.00276565
Batch_5	34	34	2294	0.0018927	0.0011168	0.00267494
Batch_5	35	35	2394	0.000467713	1e-10	0.00143047
Batch_5	36	36	2470	0.000232206	1e-10	0.000903445
Batch_5	37	37	2400	0.000758346	1e-10	0.00137406
Batch_5	38	38	2442	1e-10	1e-10	0.000438123
Batch_5	39	39	2533	0.000246926	1e-10	0.00118979
Batch_5	40	40	2535	0.000340215	1e-10	0.000644674
Batch_5	41	41	2564	0.00160386	1e-10	0.00730866
Batch_5	42	42	2612	1e-10	1e-10	0.00014695
Batch_5	43	43	2707	1e-10	1e-10	1e-10
Batch_5	44	44	2628	0.000235027	1e-10	0.000850695
Batch_5	45	45	2731	0.00056955	0.000143311	1e-10
Batch_5	46	46	2692	1.23307e-10	1e-10	0.0010575
Batch_5	47	47	2614	0.00040516	1e-10	0.000686309
Batch_5	48	48	2623	1e-10	1e-10	0.000672709
Batch_5	49	49	2591	0.000703135	1e-10	0.0017788
Batch_5	50	50	2579	0.000179459	1e-10	1e-10
Batch_5	51	51	2630	1e-10	1e-10	1e-10
Batch_5	52	52	2687	0.000412244	1e-10	0.000802135
Batch_5	53	53	2674	1e-10	1e-10	1e-10
Batch_5	54	54	2585	1e-10	1e-10	1e-10
Batch_5	55	55	2581	1e-10	1e-10	1e-10
Batch_5	56	56	2496	1e-10	1e-10	1e-10
Batch_5	57	57	2393	0.000599842	0.000333787	0.000707072
Batch_5	58	58	2410	0.000674531	1e-10	0.00213786
Batch_5	59	59	2335	1e-10	1e-10	1e-10
Batch_5	60	60	2331	1e-10	1e-10	0.000950688
Batch_5	61	61	2221	0.000258132	1e-10	0.00146072
Batch_5	62	62	2053	1e-10	1e-10	1e-10
Batch_5	63	63	2139	1e-10	1e-10	1e-10
Batch_5	64	64	1938	0.000471641	1e-10	0.00107655
Batch_5	65	65	1911	0.000524451	1e-10	0.00131194
Batch_5	66	66	1875	0.000316823	0.000253556	1e-10
Batch_5	67	67	1805	1e-10	1e-10	1e-10
Batch_5	68	68	1687	0.000303509	1e-10	0.00096833
Batch_5	69	69	1620	1e-10	1e-10	1e-10
Batch_5	70	70	1528	1e-10	1e-10	1e-10
Batch_5	71	71	1462	1e-10	1e-10	1e-10
Batch_5	72	72	1384	1e-10	1e-10	1e-10
Batch_5	73	73	1353	1e-10	1e-10	1e-10
Batch_5	74	74	1191	0.000771549	0.000541487	1e-10
Batch_5	75	75	1194	1e-10	1e-10	1e-10
Batch_5	76	76	1117	1e-10	1e-10	1e-10
Batch_5	77	77	1061	1e-10	1e-10	1e-10
Batch_5	78	78	976	0.00016529	0.000169909	1e-10
Batch_5	79	79	935	1e-10	1e-10	1e-10
Batch_5	80	80	885	1e-10	1e-10	1e-10
Batch_5	81	81	902	1e-10	1e-10	1e-10
Batch_5	82	82	769	0.000666125	1e-10	0.00229688
Batch_5	83	83	718	0.000597669	0.000719333	1e-10
Batch_5	84	84	634	1e-10	1e-10	1e-10
Batch_5	85	85	642	0.000798291	1e-10	0.0027044
Batch_5	86	86	539	0.000945652	0.00132513	1e-10
Batch_5	87	87	536	1e-10	1e-10	1e-10
Batch_5	88	88	503	1e-10	1e-10	1e-10
Batch_5	89	89	496	0.00103537	0.00150241	1e-10
Batch_5	90	90	402	1e-10	1e-10	1e-10
Batch_5	91	91	392	1e-10	1e-10	1e-10
Batch_5	92	92	363	0.000470099	1e-10	1e-10
Batch_5	93	93	324	1e-10	1e-10	1e-10
Batch_5	94	94	317	0.00160366	1e-10	0.00487935
Batch_5	95	95	276	0.00184542	0.00267068	1e-10
Batch_5	96	96	259	1e-10	1e-10	1e-10
Batch_5	97	97	227	0.00200014	0.00288469	1e-10
Batch_5	98	98	242	1e-10	1e-10	1e-10
Batch_5	99	99	191	1e-10	1e-10	1e-10
Batch_5	100	100	167	1e-10	1e-10	1e-10
Batch_5	101	101	187	1e-10	1e-10	1e-10
Batch_5	102	102	143	0.00362301	0.00488759	1e-10
Batch_5	103	103	127	1e-10	1e-10	1e-10
Batch_5	104	104	140	1e-10	1e-10	1e-10
Batch_5	105	105	139	1e-10	1e-10	1e-10
Batch_5	106	106	120	1e-10	1e-10	1e-10
Batch_5	107	107	99	1e-10	1e-10	1e-10
Batch_5	108	108	87	1e-10	1e-10	1e-10
Batch_5	109	109	68	1e-10	1e-10	1e-10
Batch_5	110	110	62	1e-10	1e-10	1e-10
Batch_5	111	111	63	1e-10	1e-10	1e-10
Batch_5	112	112	55	1e-10	1e-10	1e-10
Batch_5	113	113	60	1e-10	1e-10	1e-10
Batch_5	114	114	52	1e-10	1e-10	1e-10
Batch_5	115	115	55	1e-10	1e-10	1e-10
Batch_5	116	116	42	1e-10	1e-10	1e-10
Batch_5	117	117	35	0.0143695	0.0227306	1e-10
Batch_5	118	118	31	1e-10	1e-10	1e-10
Batch_5	119	119	26	1e-10	1e-10	1e-10
Batch_5	120	120	31	1e-10	1e-10	1e-10
Batch_5	121	121	26	1e-10	1e-10	1e-10
Batch_5	122	122	26	1e-10	1e-10	1e-10
Batch_5	123	123	24	1e-10	1e-10	1e-10
Batch_5	124	124	15	1e-10	1e-10	1e-10
Batch_5	125	125	17	1e-10	1e-10	1e-10
Batch_5	126	126	17	1e-10	1e-10	1e-10
Batch_5	127	127	18	1e-10	1e-10	1e-10
Batch_5	128	128	9	1e-10	1e-10	1e-10
Batch_5	129	129	12	1e-10	1e-10	1e-10
Batch_5	130	130	19	1e-10	1e-10	1e-10
Batch_5	131	131	15	1e-10	1e-10	1e-10
Batch_5	132	132	8	1e-10	1e-10	1e-10
Batch_5	133	133	8	1e-10	1e-10	1e-10
Batch_5	134	134	9	1e-10	1e-10	1e-10
Batch_5	135	135	7	1e-10	1e-10	1e-10
Batch_5	136	136	8	1e-10	1e-10	1e-10
Batch_5	137	137	2	1e-10	1e-10	1e-10
Batch_5	138	138	10	1e-10	1e-10	1e-10
Batch_5	139	139	8	1e-10	1e-10	1e-10
Batch_5	140	140	4	1e-10	1e-10	1e-10
Batch_5	141	141	6	1e-10	1e-10	1e-10
Batch_5	142	142	6	1e-10	1e-10	1e-10
Batch_5	144	144	4	1e-10	1e-10	1e-10
Batch_5	145	145	1	1e-10	1e-10	0.5
Batch_5	146	146	5	1e-10	1e-10	1e-10
Batch_5	147	147	3	1e-10	1e-10	1e-10
Batch_5	148	148	3	1e-10	1e-10	0.5
Batch_5	149	149	3	1e-10	1e-10	0.5
Batch_5	150	150	1	1e-10	0.5	1e-10
Batch_5	152	152	1	1e-10	0.5	1e-10
Batch_5	153	153	1	1e-10	1e-10	0.5
Batch_5	154	154	3	1e-10	1e-10	1e-10
Batch_5	155	155	2	1e-10	1e-10	0.5
Batch_5	156	156	2	1e-10	1e-10	0.5
Batch_5	157	157	1	1e-10	0.5	1e-10
Batch_5	159	159	1	1e-10	0.5	1e-10
Batch_5	161	161	3	1e-10	1e-10	1e-10
Batch_5	162	162	2	1e-10	1e-10	0.5
Batch_5	163	163	2	1e-10	1e-10	1e-10
Batch_5	164	164	1	1e-10	1e-10	0.5
Batch_5	167	167	1	1e-10	0.5	1e-10
Batch_5	168	168	2	1e-10	1e-10	0.5
Batch_5	173	173	2	0.0850301	0.5	1e-10
Batch_5	174	174	1	1e-10	0.5	1e-10
Batch_5	177	177	1	1e-10	1e-10	0.5
Batch_5	178	178	1	1e-10	0.5	1e-10
Batch_5	179	179	1	1e-10	0.5	1e-10
Batch_5	180	180	2	1e-10	1e-10	0.5
Batch_5	183	183	1	1e-10	1e-10	0.5
Batch_5	186	186	1	1e-10	1e-10	0.5
Batch_5	192	192	1	1e-10	1e-10	0.5
Batch_5	195	195	1	1e-10	0.5	1e-10
Batch_5	208	208	1	1e-10	1e-10	0.5
Batch_6	1	1	19	0.0533766	0.0302008	0.5
Batch_6	2	2	46	0.0286658	1e-10	0.188331
Batch_6	3	3	1631	0.00138443	1e-10	0.5
Batch_6	4	4	3133	0.0125304	0.000754204	0.136066
Batch_6	5	5	4475	0.0123233	0.00126146	0.0720406
Batch_6	6	6	5175	0.0125759	0.00282301	0.0494105
Batch_6	7	7	5556	0.010188	0.00160621	0.0341684
Batch_6	8	8	5875	0.0109789	0.00264089	0.0343662
Batch_6	9	9	6280	0.0124116	0.00299467	0.0376162
Batch_6	10	10	6338	0.0113735	0.00173411	0.0330021
Batch_6	11	11	6750	0.0099407	0.00175455	0.0391992
Batch_6	12	12	7097	0.0104212	0.00169882	0.0327184
Batch_6	13	13	7114	0.0117497	0.0029586	0.0303491
Batch_6	14	14	7628	0.00748032	0.00104266	0.0282137
Batch_6	15	15	7714	0.00967608	0.000484078	0.0320656
Batch_6	16	16	8084	0.00686481	1e-10	0.0332826
Batch_6	17	17	8366	0.00748336	0.000166184	0.0283705
Batch_6	18	18	8601	0.00713566	0.000281957	0.0314924
Batch_6	19	19	8649	0.00664867	7.43468e-05	0.0279984
Batch_6	20	20	8679	0.00739642	1e-10	0.0239507
Batch_6	21	21	8982	0.00877677	2.29921e-05	0.0296931
Batch_6	22	22	9063	0.0090399	1e-10	0.0276727
Batch_6	23	23	8980	0.00717843	1e-10	0.026545
Batch_6	24	24	9021	0.00876451	0.00027712	0.0297294
Batch_6	25	25	9089	0.00838045	1e-10	0.0242991
Batch_6	26	26	9117	0.00764998	0.000669038	0.0234329
Batch_6	27	27	9175	0.00915112	0.000569817	0.0261995
Batch_6	28	28	9029	0.0100061	0.000660988	0.0260815
Batch_6	29	29	9050	0.00977305	0.000127981	0.0313148
Batch_6	30	30	9161	0.00805776	1e-10	0.0277166
Batch_6	31	31	9163	0.00864621	1e-10	0.027422
Batch_6	32	32	9022	0.00959183	4.13361e-05	0.0273232
Batch_6	33	33	9245	0.00940705	0.000315959	0.0288342
Batch_6	34	34	9042	0.0100927	0.000661022	0.025782
Batch_6	35	35	9139	0.0103109	0.000942174	0.0263826
Batch_6	36	36	8781	0.0107363	0.000711366	0.0261671
Batch_6	37	37	8791	0.010445	0.00045022	0.0244955
Batch_6	38	38	8659	0.010797	0.00106362	0.0263957
Batch_6	39	39	8520	0.00911141	0.000257591	0.0279267
Batch_6	40	40	8216	0.00856985	0.00142468	0.0208158
Batch_6	41	41	7896	0.0104367	0.00104849	0.0234659
Batch_6	42	42	7869	0.00972267	1e-10	0.0263181
Batch_6	43	43	7511	0.00841742	0.000194398	0.022887
Batch_6	44	44	7168	0.0108912	0.00124937	0.0230078
Batch_6	45	45	6945	0.00873429	0.00104716	0.0243257
Batch_6	46	46	6575	0.00752583	0.00113771	0.0224289
Batch_6	47	47	6283	0.00901279	0.00201811	0.0236451
Batch_6	48	48	5855	0.0067047	0.00105727	0.0155979
Batch_6	49	49	5769	0.00698612	0.00106777	0.0155656
Batch_6	50	50	5429	0.00615399	0.00126065	0.0159552
Batch_6	51	51	5153	0.00549659	0.00108728	0.0140309
Batch_6	52	52	5070	0.00464444	0.00051058	0.0155924
Batch_6	53	53	4644	0.00561011	0.00146395	0.0129803
Batch_6	54	54	4363	0.00401625	0.000709213	0.00862584
Batch_6	55	55	4187	0.00393139	0.000374383	0.00952551
Batch_6	56	56	4067	0.00345823	0.000983585	0.00672159
Batch_6	57	57	3649	0.00360123	0.00061985	0.010171
Batch_6	58	58	3711	0.00170433	1e-10	0.00904495
Batch_6	59	59	3383	0.00241473	1e-10	0.00915225
Batch_6	60	60	3281	0.00103928	1e-10	0.00533228
Batch_6	61	61	3083	0.0022197	0.000604252	0.00430267
Batch_6	62	62	3000	0.000752849	0.00051113	0.0025269
Batch_6	63	63	2661	0.000938507	0.000228311	1e-10
Batch_6	64	64	2642	1e-10	1e-10	0.00366908
Batch_6	65	65	2482	1e-10	1e-10	0.000961214
Batch_6	66	66	2331	0.00049847	1e-10	0.0027947
Batch_6	67	67	2130	0.000148181	0.000133532	0.00210868
Batch_6	68	68	2031	1e-10	1e-10	0.00217123
Batch_6	69	69	1857	0.000270095	1e-10	1e-10
Batch_6	70	70	1855	0.00106093	0.000665594	0.000890942
Batch_6	71	71	1709	0.000301174	1e-10	0.00123305
Batch_6	72	72	1550	0.00113073	1e-10	0.00338638
Batch_6	73	73	1525	1e-10	1e-10	0.0046899
Batch_6	74	74	1370	1e-10	1e-10	1e-10
Batch_6	75	75	1341	1e-10	1e-10	1e-10
Batch_6	76	76	1195	1e-10	1e-10	0.00164269
Batch_6	77	77	1093	1e-10	1e-10	0.0019233
Batch_6	78	78	987	0.000341161	1e-10	1e-10
Batch_6	79	79	968	1e-10	1e-10	1e-10
Batch_6	80	80	888	1e-10	1e-10	1e-10
Batch_6	81	81	784	0.000462725	0.000560066	1e-10
Batch_6	82	82	742	1e-10	1e-10	1e-10
Batch_6	83	83	683	0.0016298	0.0018255	1e-10
Batch_6	84	84	628	1e-10	1e-10	0.00255871
Batch_6	85	85	525	1e-10	1e-10	1e-10
Batch_6	86	86	483	1e-10	1e-10	1e-10
Batch_6	87	87	470	1e-10	1e-10	1e-10
Batch_6	88	88	416	1e-10	1e-10	1e-10
Batch_6	89	89	426	1e-10	1e-10	1e-10
Batch_6	90	90	384	0.000883561	1e-10	1e-10
Batch_6	91	91	344	1e-10	1e-10	1e-10
Batch_6	92	92	288	1e-10	1e-10	1e-10
Batch_6	93	93	253	1e-10	1e-10	1e-10
Batch_6	94	94	215	0.00247725	1e-10	0.0144713
Batch_6	95	95	228	1e-10	1e-10	1e-10
Batch_6	96	96	195	1e-10	1e-10	1e-10
Batch_6	97	97	170	1e-10	1e-10	1e-10
Batch_6	98	98	154	1e-10	1e-10	1e-10
Batch_6	99	99	143	1e-10	1e-10	1e-10
Batch_6	100	100	149	1e-10	1e-10	1e-10
Batch_6	101	101	124	1e-10	1e-10	1e-10
Batch_6	102	102	110	0.00182292	1e-10	1e-10
Batch_6	103	103	94	1e-10	1e-10	1e-10
Batch_6	104	104	93	1e-10	1e-10	1e-10
Batch_6	105	105	77	1e-10	1e-10	1e-10
Batch_6	106	106	73	1e-10	1e-10	1e-10
Batch_6	107	107	59	1e-10	1e-10	1e-10
Batch_6	108	108	56	1e-10	1e-10	1e-10
Batch_6	109	109	48	1e-10	1e-10	1e-10
Batch_6	110	110	46	1e-10	1e-10	1e-10
Batch_6	111	111	35	1e-10	1e-10	1e-10
Batch_6	112	112	27	1e-10	1e-10	1e-10
Batch_6	113	113	26	1e-10	1e-10	1e-10
Batch_6	114	114	31	1e-10	1e-10	1e-10
Batch_6	115	115	24	1e-10	1e-10	1e-10
Batch_6	116	116	19	1e-10	1e-10	1e-10
Batch_6	117	117	21	1e-10	1e-10	1e-10
Batch_6	118	118	15	1e-10	1e-10	1e-10
Batch_6	119	119	22	1e-10	1e-10	1e-10
Batch_6	120	120	20	1e-10	1e-10	1e-10
Batch_6	121	121	8	1e-10	1e-10	1e-10
Batch_6	122	122	13	1e-10	1e-10	1e-10
Batch_6	123	123	11	1e-10	1e-10	1e-10
Batch_6	124	124	11	1e-10	1e-10	1e-10
Batch_6	125	125	12	1e-10	1e-10	1e-10
Batch_6	126	126	5	1e-10	1e-10	1e-10
Batch_6	127	127	9	1e-10	1e-10	1e-10
Batch_6	128	128	7	1e-10	1e-10	1e-10
Batch_6	129	129	7	1e-10	1e-10	1e-10
Batch_6	130	130	6	1e-10	1e-10	1e-10
Batch_6	132	132	3	1e-10	1e-10	0.5
Batch_6	133	133	6	1e-10	1e-10	1e-10
Batch_6	134	134	5	1e-10	1e-10	1e-10
Batch_6	135	135	1	1e-10	0.5	1e-10
Batch_6	136	136	5	1e-10	1e-10	1e-10
Batch_6	137	137	1	1e-10	0.5	1e-10
Batch_6	138	138	3	1e-10	1e-10	1e-10
Batch_6	139	139	3	1e-10	1e-10	0.5
Batch_6	140	140	2	1e-10	1e-10	1e-10
Batch_6	141	141	2	1e-10	1e-10	0.5
Batch_6	142	142	3	1e-10	0.0231769	1e-10
Batch_6	143	143	2	1e-10	1e-10	1e-10
Batch_6	144	144	1	0.5	0.5	1e-10
Batch_6	145	145	3	1e-10	1e-10	1e-10
Batch_6	146	146	2	1e-10	1e-10	1e-10
Batch_6	147	147	2	1e-10	1e-10	1e-10
Batch_6	148	148	2	1e-10	1e-10	1e-10
Batch_6	149	149	2	1e-10	1e-10	0.5
Batch_6	150	150	2	1e-10	0.035964	1e-10
Batch_6	151	151	1	1e-10	0.5	1e-10
Batch_6	153	153	2	1e-10	1e-10	0.5
Batch_6	154	154	3	1e-10	1e-10	1e-10
Batch_6	155	155	1	1e-10	1e-10	0.5
Batch_6	156	156	1	1e-10	1e-10	0.5
Batch_6	157	157	1	1e-10	1e-10	0.5
Batch_6	160	160	1	1e-10	1e-10	0.5
Batch_6	161	161	1	1e-10	1e-10	0.5
Batch_6	167	167	1	1e-10	1e-10	0.5
Batch_6	168	168	2	1e-10	0.5	1e-10
Batch_6	172	172	2	1e-10	1e-10	1e-10
Batch_6	183	183	2	0.100491	0.5	1e-10
Batch_6	194	194	1	1e-10	0.5	1e-10
Batch_6	200	200	1	1e-10	1e-10	0.5
Batch_6	207	207	1	1e-10	1e-10	0.5
Batch_6	211	211	1	1e-10	1e-10	0.5
Batch_7	1	1	22	1e-10	6.6087e-10	0.5
Batch_7	2	2	24	0.0485985	1e-10	0.5
Batch_7	3	3	1088	0.0124666	0.00127353	0.5
Batch_7	4	4	2437	0.0139328	0.0019792	0.114376
Batch_7	5	5	3957	0.0130032	0.00448886	0.0472719
Batch_7	6	6	4988	0.00899921	0.00458897	0.0242187
Batch_7	7	7	5953	0.00907971	0.00414523	0.0224634
Batch_7	8	8	6454	0.00578869	0.00412321	0.0103024
Batch_7	9	9	7091	0.00606512	0.00429119	0.00843662
Batch_7	10	10	7786	0.00317624	0.00194779	0.0048319
Batch_7	11	11	8028	0.00349581	0.00216009	0.00652547
Batch_7	12	12	8477	0.00252912	0.0018213	0.00413619
Batch_7	13	13	8517	0.00194543	0.00126683	0.0029807
Batch_7	14	14	8912	0.0014291	0.00112874	0.00251688
Batch_7	15	15	8870	0.000813859	0.000146526	0.00285147
Batch_7	16	16	9057	0.00109996	0.000309069	0.00346015
Batch_7	17	17	9168	0.000700772	1e-10	0.0023852
Batch_7	18	18	9104	1e-10	1e-10	0.00185869
Batch_7	19	19	9016	0.0008786	0.000422729	0.00240337
Batch_7	20	20	9174	0.000129362	1e-10	0.00148566
Batch_7	21	21	8849	0.000198576	1e-10	0.0019023
Batch_7	22	22	8915	0.00049662	1e-10	0.0014111
Batch_7	23	23	8979	0.000612446	0.000301112	0.00196098
Batch_7	24	24	8622	0.000322546	1e-10	0.00225801
Batch_7	25	25	8541	0.00032906	1e-10	0.0016495
Batch_7	26	26	8317	1e-10	1e-10	0.00166681
Batch_7	27	27	8170	0.000151129	1e-10	0.000768304
Batch_7	28	28	7721	0.000224536	1e-10	0.000696051
Batch_7	29	29	7644	1e-10	1e-10	0.000695192
Batch_7	30	30	7359	0.000262794	1e-10	0.00185323
Batch_7	31	31	7324	0.000115194	1e-10	0.00181931
Batch_7	32	32	6899	1e-10	1e-10	0.000501272
Batch_7	33	33	6687	1e-10	1e-10	0.00110555
Batch_7	34	34	6304	0.00018332	1e-10	0.000366296
Batch_7	35	35	6060	0.000189726	1e-10	0.00154091
Batch_7	36	36	6115	0.000212717	1e-10	0.000534733
Batch_7	37	37	5646	0.000371746	0.000378721	0.00217912
Batch_7	38	38	5352	0.000155595	0.000183784	0.00102442
Batch_7	39	39	5150	0.000234007	0.000277921	1e-10
Batch_7	40	40	5128	1e-10	1e-10	1e-10
Batch_7	41	41	4786	1e-10	1e-10	1e-10
Batch_7	42	42	4722	3.7931e-05	1e-10	1e-10
Batch_7	43	43	4381	0.00037424	1e-10	0.00155106
Batch_7	44	44	4323	0.00032324	0.000274436	0.00154165
Batch_7	45	45	4081	1e-10	1e-10	1e-10
Batch_7	46	46	3919	1.12727e-05	1e-10	0.00035683
Batch_7	47	47	3811	4.69901e-05	1e-10	0.000323071
Batch_7	48	48	3606	0.000133892	1e-10	1e-10
Batch_7	49	49	3454	1e-10	1e-10	0.000582774
Batch_7	50	50	3222	1e-10	1e-10	1e-10
Batch_7	51	51	3278	1e-10	1e-10	1e-10
Batch_7	52	52	3041	1e-10	1e-10	1e-10
Batch_7	53	53	2942	0.000231458	0.000117363	1e-10
Batch_7	54	54	2839	1e-10	1e-10	5.77236e-05
Batch_7	55	55	2694	1e-10	1e-10	0.00132123
Batch_7	56	56	2600	0.000256128	1e-10	0.000773529
Batch_7	57	57	2375	8.95766e-05	0.000258997	1e-10
Batch_7	58	58	2485	1e-10	1e-10	1e-10
Batch_7	59	59	2404	0.000680177	0.000442842	0.00219298
Batch_7	60	60	2270	1e-10	1e-10	1e-10
Batch_7	61	61	2126	0.000184847	1e-10	0.000958482
Batch_7	62	62	2094	1e-10	1e-10	0.000715596
Batch_7	63	63	2070	1e-10	1e-10	1e-10
Batch_7	64	64	2004	0.00014585	1e-10	0.000328744
Batch_7	65	65	1883	1e-10	1e-10	1e-10
Batch_7	66	66	1800	1e-10	1e-10	1e-10
Batch_7	67	67	1725	0.000318085	0.000410564	1e-10
Batch_7	68	68	1715	0.000224614	1e-10	0.00212898
Batch_7	69	69	1666	0.000128724	1e-10	0.00140085
Batch_7	70	70	1609	1e-10	1e-10	1e-10
Batch_7	71	71	1564	0.000444412	0.000464475	0.00107892
Batch_7	72	72	1511	0.000862418	0.000704859	0.00159605
Batch_7	73	73	1478	0.00033878	0.000364107	1e-10
Batch_7	74	74	1414	1e-10	1e-10	0.00102736
Batch_7	75	75	1355	1e-10	1e-10	0.00240908
Batch_7	76	76	1362	0.000372469	0.000308322	1e-10
Batch_7	77	77	1242	1e-10	1e-10	1e-10
Batch_7	78	78	1256	1e-10	1e-10	0.00131818
Batch_7	79	79	1127	0.000300172	0.000263834	1e-10
Batch_7	80	80	1112	0.000971526	0.000980251	0.000732113
Batch_7	81	81	1125	1e-10	1e-10	1e-10
Batch_7	82	82	1094	3.44543e-05	6.18787e-05	1e-10
Batch_7	83	83	1012	0.000611944	1e-10	0.00170941
Batch_7	84	84	990	1e-10	1e-10	1e-10
Batch_7	85	85	1020	1e-10	1e-10	1e-10
Batch_7	86	86	982	1e-10	1e-10	1e-10
Batch_7	87	87	836	1e-10	1e-10	0.00345189
Batch_7	88	88	909	1e-10	1e-10	1e-10
Batch_7	89	89	880	1e-10	1e-10	1e-10
Batch_7	90	90	909	1e-10	1e-10	0.00147964
Batch_7	91	91	854	0.000487414	0.000679652	1e-10
Batch_7	92	92	802	1e-10	1e-10	1e-10
Batch_7	93	93	796	0.000586309	0.000466897	0.000811919
Batch_7	94	94	769	1e-10	1e-10	1e-10
Batch_7	95	95	809	1e-10	1e-10	0.00107164
Batch_7	96	96	716	0.00135082	0.00189	1e-10
Batch_7	97	97	725	0.00153369	0.00175754	0.00147784
Batch_7	98	98	769	0.000714499	0.000722036	1e-10
Batch_7	99	99	799	0.000623785	1e-10	0.000429214
Batch_7	100	100	735	1e-10	1e-10	1e-10
Batch_7	101	101	742	0.000336529	1e-10	1e-10
Batch_7	102	102	721	1e-10	1e-10	0.00453726
Batch_7	103	103	771	1e-10	1e-10	0.00219387
Batch_7	104	104	689	1e-10	1e-10	1e-10
Batch_7	105	105	753	1e-10	1e-10	1e-10
Batch_7	106	106	737	1e-10	1e-10	1e-10
Batch_7	107	107	793	0.00122666	1e-10	0.00179799
Batch_7	108	108	753	1e-10	1e-10	1e-10
Batch_7	109	109	767	1e-10	1e-10	1e-10
Batch_7	110	110	797	1e-10	1e-10	1e-10
Batch_7	111	111	731	0.00123203	1e-10	0.00674648
Batch_7	112	112	752	1e-10	1e-10	1e-10
Batch_7	113	113	713	1e-10	1e-10	2.39887e-07
Batch_7	114	114	737	0.000515925	0.00101033	1e-10
Batch_7	115	115	766	0.000583282	0.000621071	1e-10
Batch_7	116	116	770	1e-10	1e-10	1e-10
Batch_7	117	117	746	0.000834343	0.00112258	1e-10
Batch_7	118	118	759	0.00054049	0.000682693	1e-10
Batch_7	119	119	741	1e-10	1e-10	1e-10
Batch_7	120	120	781	0.000786993	0.000704396	1e-10
Batch_7	121	121	718	1e-10	1e-10	1e-10
Batch_7	122	122	741	1e-10	1e-10	1e-10
Batch_7	123	123	777	1e-10	1e-10	0.00222666
Batch_7	124	124	716	1e-10	1e-10	1e-10
Batch_7	125	125	748	1e-10	1e-10	1e-10
Batch_7	126	126	714	0.00048669	1e-10	0.00253919
Batch_7	127	127	700	1e-10	1e-10	1e-10
Batch_7	128	128	661	1e-10	1e-10	0.000763165
Batch_7	129	129	666	1e-10	1e-10	1e-10
Batch_7	130	130	675	1e-10	1e-10	1e-10
Batch_7	131	131	665	1e-10	1e-10	1e-10
Batch_7	132	132	599	1e-10	1e-10	1e-10
Batch_7	133	133	582	1e-10	1e-10	1e-10
Batch_7	134	134	650	1e-10	1e-10	1e-10
Batch_7	135	135	577	1e-10	1e-10	1e-10
Batch_7	136	136	572	1e-10	1e-10	1e-10
Batch_7	137	137	532	1e-10	1e-10	1e-10
Batch_7	138	138	503	1e-10	1e-10	1e-10
Batch_7	139	139	503	1e-10	1e-10	1e-10
Batch_7	140	140	494	1e-10	1e-10	1e-10
Batch_7	141	141	448	1e-10	1e-10	1e-10
Batch_7	142	142	440	1e-10	1e-10	1e-10
Batch_7	143	143	440	1e-10	1e-10	1e-10
Batch_7	144	144	414	1e-10	1e-10	1e-10
Batch_7	145	145	368	1e-10	1e-10	1e-10
Batch_7	146	146	347	1e-10	1e-10	1e-10
Batch_7	147	147	356	1e-10	1e-10	1e-10
Batch_7	148	148	321	0.00160176	0.0022176	1e-10
Batch_7	149	149	331	1e-10	1e-10	1e-10
Batch_7	150	150	284	0.00167271	0.00208414	1e-10
Batch_7	151	151	274	1e-10	1e-10	1e-10
Batch_7	152	152	253	1e-10	1e-10	1e-10
Batch_7	153	153	261	0.00391867	0.00544075	1e-10
Batch_7	154	154	231	1e-10	1e-10	1e-10
Batch_7	155	155	205	1e-10	1e-10	1e-10
Batch_7	156	156	198	1e-10	1e-10	1e-10
Batch_7	157	157	177	1e-10	1e-10	1e-10
Batch_7	158	158	171	1e-10	1e-10	1e-10
Batch_7	159	159	152	1e-10	1e-10	1e-10
Batch_7	160	160	143	1e-10	1e-10	1e-10
Batch_7	161	161	144	1e-10	1e-10	1e-10
Batch_7	162	162	132	1e-10	1e-10	1e-10
Batch_7	163	163	122	3.12359e-05	1e-10	0.0199742
Batch_7	164	164	101	0.00509928	1e-10	0.0176195
Batch_7	165	165	85	1e-10	1e-10	1e-10
Batch_7	166	166	70	1e-10	1e-10	1e-10
Batch_7	167	167	79	0.00636616	0.0086266	1e-10
Batch_7	168	168	70	1e-10	1e-10	1e-10
Batch_7	169	169	57	1e-10	1e-10	1e-10
Batch_7	170	170	72	1e-10	1e-10	1e-10
Batch_7	171	171	56	1e-10	1e-10	1e-10
Batch_7	172	172	54	1e-10	1e-10	1e-10
Batch_7	173	173	54	1e-10	1e-10	1e-10
Batch_7	174	174	40	1e-10	1e-10	1e-10
Batch_7	175	175	34	1e-10	1e-10	1e-10
Batch_7	176	176	30	0.0170109	1e-10	0.0377442
Batch_7	177	177	39	1e-10	1e-10	1e-10
Batch_7	178	178	24	1e-10	1e-10	1e-10
Batch_7	179	179	26	1e-10	1e-10	1e-10
Batch_7	180	180	22	1e-10	1e-10	1e-10
Batch_7	181	181	15	1e-10	1e-10	1e-10
Batch_7	182	182	23	1e-10	1e-10	1e-10
Batch_7	183	183	18	1e-10	1e-10	1e-10
Batch_7	184	184	13	1e-10	1e-10	1e-10
Batch_7	185	185	14	1e-10	1e-10	1e-10
Batch_7	186	186	12	1e-10	1e-10	1e-10
Batch_7	187	187	16	0.029544	0.0370196	1e-10
Batch_7	188	188	9	1e-10	1e-10	1e-10
Batch_7	189	189	11	1e-10	1e-10	1e-10
Batch_7	190	190	9	1e-10	1e-10	1e-10
Batch_7	191	191	13	1e-10	1e-10	1e-10
Batch_7	192	192	5	1e-10	1e-10	1e-10
Batch_7	193	193	2	1e-10	1e-10	0.5
Batch_7	194	194	9	1e-10	1e-10	1e-10
Batch_7	195	195	1	1e-10	1e-10	0.5
Batch_7	196	196	4	1e-10	1e-10	1e-10
Batch_7	197	197	4	1e-10	1e-10	1e-10
Batch_7	198	198	3	1e-10	1e-10	1e-10
Batch_7	199	199	4	1e-10	1e-10	1e-10
Batch_7	200	200	2	1e-10	1e-10	0.5
Batch_7	201	201	6	1e-10	1e-10	1e-10
Batch_7	202	202	2	1e-10	1e-10	0.5
Batch_7	203	203	1	1e-10	0.5	1e-10
Batch_7	204	204	2	1e-10	1e-10	1e-10
Batch_7	205	205	4	1e-10	1e-10	0.5
Batch_7	206	206	4	1e-10	1e-10	1e-10
Batch_7	207	207	2	1e-10	1e-10	1e-10
Batch_7	208	208	2	1e-10	1e-10	1e-10
Batch_7	209	209	4	1e-10	1e-10	1e-10
Batch_7	210	210	1	1e-10	0.5	1e-10
Batch_7	211	211	1	1e-10	1e-10	0.5
Batch_7	212	212	1	1e-10	1e-10	0.5
Batch_7	213	213	1	1e-10	0.5	1e-10
Batch_7	215	215	1	1e-10	0.5	1e-10
Batch_7	216	216	2	1e-10	1e-10	1e-10
Batch_7	219	219	1	1e-10	0.5	1e-10
Batch_7	220	220	1	1e-10	1e-10	0.5
Batch_7	221	221	2	1e-10	1e-10	0.5
Batch_7	222	222	1	1e-10	1e-10	0.5
Batch_7	223	223	4	1e-10	1e-10	0.5
Batch_7	229	229	3	1e-10	1e-10	1e-10
Batch_7	230	230	1	1e-10	1e-10	0.5
Batch_7	232	232	1	1e-10	1e-10	0.5
Batch_7	233	233	1	1e-10	1e-10	0.5
Batch_7	234	234	1	1e-10	1e-10	0.5
Batch_7	235	235	3	1e-10	1e-10	1e-10
Batch_7	236	236	1	1e-10	1e-10	0.5
Batch_7	237	237	1	1e-10	1e-10	0.5
Batch_7	239	239	1	1e-10	0.5	1e-10
Batch_7	240	240	2	1e-10	1e-10	1e-10
Batch_7	242	242	2	1e-10	1e-10	0.5
Batch_7	245	245	1	0.5	0.5	1e-10
Batch_7	246	246	1	1e-10	0.5	1e-10
Batch_7	247	247	1	1e-10	1e-10	0.5
Batch_7	249	249	2	1e-10	1e-10	0.5
Batch_7	250	250	3	1e-10	1e-10	0.5
Batch_7	251	251	1	1e-10	1e-10	0.5
Batch_7	255	255	1	1e-10	1e-10	0.5
Batch_7	258	258	3	1e-10	1e-10	1e-10
Batch_7	265	265	2	0.0535633	0.126985	1e-10
Batch_7	267	267	1	1e-10	0.5	1e-10
Batch_7	269	269	2	1e-10	1e-10	1e-10
Batch_7	275	275	1	1e-10	0.5	1e-10
Batch_7	293	293	1	1e-10	1e-10	0.5
Batch_7	298	298	1	1e-10	1e-10	0.5
Batch_7	300	300	1	0.5	0.5	1e-10
Batch_7	308	308	1	1e-10	1e-10	0.5
Batch_7	310	310	1	1e-10	1e-10	0.5
Batch_7	312	312	1	1e-10	1e-10	0.5
Batch_7	324	324	1	1e-10	1e-10	0.5
Batch_7	390	390	1	1e-10	1e-10	0.5
Batch_1	1	1	18	0.202912	1e-10	0.5
Batch_1	2	2	75	0.0239656	1e-10	0.366278
Batch_1	3	3	1996	0.0153895	0.000948971	0.5
Batch_1	4	4	4349	0.0162417	0.00417563	0.105785
Batch_1	5	5	6574	0.0129249	0.00458833	0.0492775
Batch_1	6	6	8356	0.0118994	0.0056324	0.0329087
Batch_1	7	7	9583	0.0099912	0.0066149	0.0179896
Batch_1	8	8	10657	0.00915803	0.00646323	0.01442
Batch_1	9	9	11852	0.00665516	0.00529844	0.00800462
Batch_1	10	10	12422	0.00605437	0.0046859	0.00734621
Batch_1	11	11	13351	0.00448981	0.00279789	0.00626763
Batch_1	12	12	14025	0.00353564	0.0027674	0.00355343
Batch_1	13	13	14368	0.00211533	0.00116789	0.00341336
Batch_1	14	14	14681	0.00252316	0.00139565	0.00458982
Batch_1	15	15	15296	0.00212588	0.000847342	0.00422246
Batch_1	16	16	15679	0.00165543	0.000752231	0.00332682
Batch_1	17	17	15758	0.00143931	0.000601823	0.00280856
Batch_1	18	18	16073	0.00156487	0.000807126	0.00257634
Batch_1	19	19	15960	0.0013712	0.000539212	0.00243338
Batch_1	20	20	15848	0.0012131	0.000546862	0.00197191
Batch_1	21	21	15573	0.00112598	0.000704198	0.00118755
Batch_1	22	22	15479	0.00151498	0.000691877	0.00251153
Batch_1	23	23	15301	0.00113729	2.34227e-05	0.00254326
Batch_1	24	24	14959	0.00124096	0.000621955	0.0018769
Batch_1	25	25	14589	0.000644106	0.000207911	0.00139812
Batch_1	26	26	14277	0.000528288	0.000233583	0.00138176
Batch_1	27	27	14006	0.000889003	7.60058e-05	0.0020482
Batch_1	28	28	13425	0.00051752	0.000131276	0.00191352
Batch_1	29	29	12896	0.000437239	0.000255844	0.000746094
Batch_1	30	30	12232	0.000556325	0.00030437	0.00130494
Batch_1	31	31	11620	0.000747205	0.000450191	0.00126575
Batch_1	32	32	11181	0.00118613	0.000640991	0.00216167
Batch_1	33	33	10766	0.000472361	0.000138173	0.00143166
Batch_1	34	34	10152	0.000278346	1e-10	0.000619177
Batch_1	35	35	9561	0.000443344	1e-10	0.00143127
Batch_1	36	36	8871	0.000472896	1e-10	0.00157994
Batch_1	37	37	8498	0.00019211	1e-10	0.00071056
Batch_1	38	38	8027	0.00066512	0.000402946	0.00169379
Batch_1	39	39	7623	0.000873512	1e-10	0.00261906
Batch_1	40	40	7026	0.000316298	1e-10	0.00100935
Batch_1	41	41	6519	0.000389685	3.48414e-05	0.00224328
Batch_1	42	42	6156	0.000128632	0.000130418	0.000452481
Batch_1	43	43	5778	1.82032e-07	1e-10	0.00237131
Batch_1	44	44	5389	0.000413561	1e-10	0.00269255
Batch_1	45	45	4902	1e-10	1e-10	1e-10
Batch_1	46	46	4713	1e-10	1e-10	0.000840838
Batch_1	47	47	4375	0.000281103	1e-10	0.000231823
Batch_1	48	48	4083	0.000895344	0.000612662	0.0013947
Batch_1	49	49	3690	1e-10	1e-10	0.00237302
Batch_1	50	50	3502	0.000245469	1e-10	0.000675237
Batch_1	51	51	3228	1e-10	1e-10	0.0019675
Batch_1	52	52	2993	1e-10	1e-10	1e-10
Batch_1	53	53	2763	0.000416185	1e-10	0.00153683
Batch_1	54	54	2527	0.000460987	0.000501332	1e-10
Batch_1	55	55	2345	1e-10	1e-10	0.00121344
Batch_1	56	56	2084	1e-10	1e-10	1e-10
Batch_1	57	57	2014	0.000950638	0.000579434	0.00316666
Batch_1	58	58	1881	0.00148568	0.00105542	0.00409058
Batch_1	59	59	1772	0.000528995	9.91705e-05	0.00129322
Batch_1	60	60	1502	1e-10	1e-10	0.00113557
Batch_1	61	61	1421	0.000391277	0.000619716	1e-10
Batch_1	62	62	1275	1e-10	1e-10	0.00123521
Batch_1	63	63	1223	0.00064242	0.000564972	1e-10
Batch_1	64	64	1074	0.000771914	1e-10	0.00228583
Batch_1	65	65	1003	1e-10	1e-10	0.00314873
Batch_1	66	66	917	1e-10	1e-10	1e-10
Batch_1	67	67	783	0.000575873	0.000994118	1e-10
Batch_1	68	68	734	0.000421319	0.000396894	1e-10
Batch_1	69	69	664	0.000801947	1e-10	0.00512242
Batch_1	70	70	597	1e-10	1e-10	1e-10
Batch_1	71	71	515	0.00214818	0.00143886	0.00581539
Batch_1	72	72	486	0.00124434	1e-10	0.00690683
Batch_1	73	73	481	1e-10	1e-10	1e-10
Batch_1	74	74	402	1e-10	1e-10	1e-10
Batch_1	75	75	319	0.000634012	1e-10	0.00953823
Batch_1	76	76	271	0.00223241	1e-10	0.011866
Batch_1	77	77	281	1e-10	1e-10	1e-10
Batch_1	78	78	257	1e-10	1e-10	0.00662897
Batch_1	79	79	239	1e-10	1e-10	1e-10
Batch_1	80	80	183	0.00214244	0.00332275	1e-10
Batch_1	81	81	172	0.00277782	1e-10	0.00901216
Batch_1	82	82	150	1e-10	1e-10	1e-10
Batch_1	83	83	128	1e-10	1e-10	1e-10
Batch_1	84	84	126	1e-10	1e-10	1e-10
Batch_1	85	85	116	1e-10	1e-10	1e-10
Batch_1	86	86	89	1e-10	1e-10	1e-10
Batch_1	87	87	88	1e-10	1e-10	1e-10
Batch_1	88	88	81	1e-10	1e-10	1e-10
Batch_1	89	89	61	1e-10	1e-10	1e-10
Batch_1	90	90	56	1e-10	1e-10	1e-10
Batch_1	91	91	49	1e-10	1e-10	1e-10
Batch_1	92	92	48	1e-10	1e-10	1e-10
Batch_1	93	93	31	1e-10	1e-10	1e-10
Batch_1	94	94	44	1e-10	1e-10	1e-10
Batch_1	95	95	29	1e-10	1e-10	1e-10
Batch_1	96	96	25	1e-10	1e-10	1e-10
Batch_1	97	97	26	0.0194236	1e-10	0.0400816
Batch_1	98	98	19	1e-10	1e-10	1e-10
Batch_1	99	99	18	1e-10	1e-10	1e-10
Batch_1	100	100	25	1e-10	1e-10	1e-10
Batch_1	101	101	17	1e-10	1e-10	1e-10
Batch_1	102	102	14	1e-10	1e-10	1e-10
Batch_1	103	103	10	1e-10	1e-10	1e-10
Batch_1	104	104	8	1e-10	1e-10	1e-10
Batch_1	105	105	10	1e-10	1e-10	1e-10
Batch_1	106	106	13	1e-10	1e-10	1e-10
Batch_1	107	107	3	1e-10	1e-10	1e-10
Batch_1	108	108	3	1e-10	1e-10	0.5
Batch_1	109	109	6	1e-10	1e-10	1e-10
Batch_1	110	110	5	1e-10	1e-10	1e-10
Batch_1	111	111	6	1e-10	1e-10	1e-10
Batch_1	112	112	6	1e-10	1e-10	1e-10
Batch_1	113	113	3	1e-10	1e-10	0.5
Batch_1	114	114	3	1e-10	1e-10	1e-10
Batch_1	115	115	4	1e-10	1e-10	1e-10
Batch_1	116	116	6	1e-10	1e-10	1e-10
Batch_1	117	117	4	1e-10	1e-10	1e-10
Batch_1	119	119	5	0.10294	0.124884	1e-10
Batch_1	120	120	3	1e-10	1e-10	1e-10
Batch_1	121	121	3	1e-10	1e-10	1e-10
Batch_1	122	122	4	1e-10	1e-10	1e-10
Batch_1	123	123	2	1e-10	1e-10	0.5
Batch_1	124	124	3	1e-10	1e-10	1e-10
Batch_1	125	125	1	1e-10	0.5	1e-10
Batch_1	126	126	2	1e-10	1e-10	1e-10
Batch_1	128	128	2	1e-10	0.5	1e-10
Batch_1	129	129	1	1e-10	1e-10	0.5
Batch_1	130	130	2	1e-10	1e-10	1e-10
Batch_1	131	131	1	1e-10	1e-10	0.5
Batch_1	134	134	2	1e-10	0.5	1e-10
Batch_1	136	136	2	1e-10	1e-10	1e-10
Batch_1	137	137	3	1e-10	1e-10	0.5
Batch_1	138	138	2	1e-10	0.5	1e-10
Batch_1	139	139	2	1e-10	1e-10	1e-10
Batch_1	140	140	2	1e-10	0.5	1e-10
Batch_1	141	141	1	1e-10	1e-10	0.5
Batch_1	142	142	1	0.5	0.5	1e-10
Batch_1	143	143	2	1e-10	0.5	1e-10
Batch_1	144	144	1	1e-10	0.5	1e-10
Batch_1	145	145	1	1e-10	1e-10	0.5
Batch_1	149	149	1	1e-10	1e-10	0.5
Batch_1	153	153	1	1e-10	0.5	1e-10
Batch_1	154	154	1	1e-10	1e-10	0.5
Batch_1	156	156	1	1e-10	1e-10	0.5
Batch_1	173	173	1	1e-10	1e-10	0.5
Batch_1	200	200	1	1e-10	0.5	1e-10
